name,subname,accuracy,rmse,mae,crossval_accuracy,crossval_accuracy_stnd_dev,timetotrain(fitting)
Support Vector Machine (SVC),Decision Function Shape: ovo,0.3464052287581699,1.5163398692810457,0.9411764705882353,0.3470967741935484,0.11253580769020585,45.78392028808594
Fit,Precision,Recall,f1-score,support
0,0.3253012048192771,0.5294117647058824,0.40298507462686567,51.0
1,0.43902439024390244,0.35294117647058826,0.391304347826087,51.0
2,0.27586206896551724,0.1568627450980392,0.2,51.0
accuracy,0.3464052287581699,0.3464052287581699,0.3464052287581699,0.3464052287581699
macro avg,0.34672922134289896,0.34640522875816987,0.33142980748431755,153.0
weighted avg,0.3467292213428989,0.3464052287581699,0.33142980748431755,153.0
First Row,Second Row,Third Row
0,27,25,31
1,11,18,12
2,13,8,8
First Row,Second Row,Third Row
0,0.5294117647058824,0.49019607843137253,0.6078431372549019
1,0.21568627450980393,0.35294117647058826,0.23529411764705882
2,0.2549019607843137,0.1568627450980392,0.1568627450980392
Support Vector Machine (SVC),Decision Function Shape: ovr,0.3464052287581699,1.5163398692810457,0.9411764705882353,0.3470967741935484,0.11253580769020585,46.17911076545715
Fit,Precision,Recall,f1-score,support
0,0.3253012048192771,0.5294117647058824,0.40298507462686567,51.0
1,0.43902439024390244,0.35294117647058826,0.391304347826087,51.0
2,0.27586206896551724,0.1568627450980392,0.2,51.0
accuracy,0.3464052287581699,0.3464052287581699,0.3464052287581699,0.3464052287581699
macro avg,0.34672922134289896,0.34640522875816987,0.33142980748431755,153.0
weighted avg,0.3467292213428989,0.3464052287581699,0.33142980748431755,153.0
First Row,Second Row,Third Row
0,27,25,31
1,11,18,12
2,13,8,8
First Row,Second Row,Third Row
0,0.5294117647058824,0.49019607843137253,0.6078431372549019
1,0.21568627450980393,0.35294117647058826,0.23529411764705882
2,0.2549019607843137,0.1568627450980392,0.1568627450980392
Support Vector Machine (LinearSVC),scheme: crammer_singer,0.3464052287581699,1.5163398692810457,0.9411764705882353,0.3126881720430107,0.07492517560946176,3.3038997650146484
Fit,Precision,Recall,f1-score,support
0,0.3181818181818182,0.5490196078431373,0.40287769784172667,51.0
1,0.4358974358974359,0.3333333333333333,0.37777777777777777,51.0
2,0.3076923076923077,0.1568627450980392,0.2077922077922078,51.0
accuracy,0.3464052287581699,0.3464052287581699,0.3464052287581699,0.3464052287581699
macro avg,0.3539238539238539,0.34640522875816987,0.3294825611372374,153.0
weighted avg,0.35392385392385395,0.3464052287581699,0.32948256113723745,153.0
First Row,Second Row,Third Row
0,28,28,32
1,11,17,11
2,12,6,8
First Row,Second Row,Third Row
0,0.5490196078431373,0.5490196078431373,0.6274509803921569
1,0.21568627450980393,0.3333333333333333,0.21568627450980393
2,0.23529411764705882,0.11764705882352941,0.1568627450980392
Support Vector Machine (LinearSVC),scheme: ovr,0.35947712418300654,1.34640522875817,0.8758169934640523,0.3144086021505376,0.06020199551189554,7.665213584899902
Fit,Precision,Recall,f1-score,support
0,0.31666666666666665,0.37254901960784315,0.34234234234234234,51.0
1,0.39215686274509803,0.39215686274509803,0.39215686274509803,51.0
2,0.38095238095238093,0.3137254901960784,0.3440860215053763,51.0
accuracy,0.35947712418300654,0.35947712418300654,0.35947712418300654,0.35947712418300654
macro avg,0.36325863678804854,0.35947712418300654,0.35952840886427223,153.0
weighted avg,0.3632586367880485,0.35947712418300654,0.35952840886427223,153.0
First Row,Second Row,Third Row
0,19,21,20
1,16,20,15
2,16,10,16
First Row,Second Row,Third Row
0,0.37254901960784315,0.4117647058823529,0.39215686274509803
1,0.3137254901960784,0.39215686274509803,0.29411764705882354
2,0.3137254901960784,0.19607843137254902,0.3137254901960784
Decision Tree Classifier,max_depth= 4,0.32679738562091504,1.5751633986928104,0.9738562091503268,0.34623655913978496,0.04712082657780335,0.04592132568359375
Fit,Precision,Recall,f1-score,support
0,0.29213483146067415,0.5098039215686274,0.3714285714285714,51.0
1,0.4166666666666667,0.29411764705882354,0.3448275862068966,51.0
2,0.32142857142857145,0.17647058823529413,0.2278481012658228,51.0
accuracy,0.32679738562091504,0.32679738562091504,0.32679738562091504,0.32679738562091504
macro avg,0.3434100231853041,0.32679738562091504,0.3147014196337636,153.0
weighted avg,0.3434100231853041,0.32679738562091504,0.3147014196337636,153.0
First Row,Second Row,Third Row
0,26,31,32
1,11,15,10
2,14,5,9
First Row,Second Row,Third Row
0,0.5098039215686274,0.6078431372549019,0.6274509803921569
1,0.21568627450980393,0.29411764705882354,0.19607843137254902
2,0.27450980392156865,0.09803921568627451,0.17647058823529413
Decision Tree Classifier,max_depth= 6,0.35947712418300654,1.4052287581699345,0.8954248366013072,0.3524731182795699,0.05262625284160862,0.04902911186218262
Fit,Precision,Recall,f1-score,support
0,0.32941176470588235,0.5490196078431373,0.411764705882353,51.0
1,0.40476190476190477,0.3333333333333333,0.3655913978494623,51.0
2,0.38461538461538464,0.19607843137254902,0.25974025974025977,51.0
accuracy,0.35947712418300654,0.35947712418300654,0.35947712418300654,0.35947712418300654
macro avg,0.3729296846943906,0.35947712418300654,0.345698787824025,153.0
weighted avg,0.3729296846943906,0.35947712418300654,0.345698787824025,153.0
First Row,Second Row,Third Row
0,28,29,28
1,12,17,13
2,11,5,10
First Row,Second Row,Third Row
0,0.5490196078431373,0.5686274509803921,0.5490196078431373
1,0.23529411764705882,0.3333333333333333,0.2549019607843137
2,0.21568627450980393,0.09803921568627451,0.19607843137254902
Decision Tree Classifier,max_depth= 8,0.35947712418300654,1.34640522875817,0.8758169934640523,0.2875268817204301,0.12518567548728476,0.03299260139465332
Fit,Precision,Recall,f1-score,support
0,0.3559322033898305,0.4117647058823529,0.3818181818181818,51.0
1,0.3877551020408163,0.37254901960784315,0.38,51.0
2,0.3333333333333333,0.29411764705882354,0.3125,51.0
accuracy,0.35947712418300654,0.35947712418300654,0.35947712418300654,0.35947712418300654
macro avg,0.3590068795879933,0.35947712418300654,0.3581060606060606,153.0
weighted avg,0.3590068795879934,0.35947712418300654,0.35810606060606054,153.0
First Row,Second Row,Third Row
0,21,18,20
1,14,19,16
2,16,14,15
First Row,Second Row,Third Row
0,0.4117647058823529,0.35294117647058826,0.39215686274509803
1,0.27450980392156865,0.37254901960784315,0.3137254901960784
2,0.3137254901960784,0.27450980392156865,0.29411764705882354
Decision Tree Classifier,max_depth= 10,0.35294117647058826,1.4705882352941178,0.9215686274509803,0.32086021505376344,0.10287934689965353,0.07303214073181152
Fit,Precision,Recall,f1-score,support
0,0.3283582089552239,0.43137254901960786,0.37288135593220334,51.0
1,0.4318181818181818,0.37254901960784315,0.4,51.0
2,0.30952380952380953,0.2549019607843137,0.27956989247311825,51.0
accuracy,0.35294117647058826,0.35294117647058826,0.35294117647058826,0.35294117647058826
macro avg,0.35656673343240514,0.35294117647058826,0.35081708280177387,153.0
weighted avg,0.3565667334324051,0.35294117647058826,0.35081708280177387,153.0
First Row,Second Row,Third Row
0,22,20,25
1,12,19,13
2,17,12,13
First Row,Second Row,Third Row
0,0.43137254901960786,0.39215686274509803,0.49019607843137253
1,0.23529411764705882,0.37254901960784315,0.2549019607843137
2,0.3333333333333333,0.23529411764705882,0.2549019607843137
Decision Tree Classifier,max_depth= 12,0.37254901960784315,1.392156862745098,0.8823529411764706,0.3144086021505376,0.08601505352148724,0.08795380592346191
Fit,Precision,Recall,f1-score,support
0,0.34285714285714286,0.47058823529411764,0.39669421487603307,51.0
1,0.4318181818181818,0.37254901960784315,0.4,51.0
2,0.358974358974359,0.27450980392156865,0.31111111111111117,51.0
accuracy,0.37254901960784315,0.37254901960784315,0.37254901960784315,0.37254901960784315
macro avg,0.37788322788322787,0.37254901960784315,0.3692684419957148,153.0
weighted avg,0.37788322788322787,0.37254901960784315,0.3692684419957148,153.0
First Row,Second Row,Third Row
0,24,22,24
1,12,19,13
2,15,10,14
First Row,Second Row,Third Row
0,0.47058823529411764,0.43137254901960786,0.47058823529411764
1,0.23529411764705882,0.37254901960784315,0.2549019607843137
2,0.29411764705882354,0.19607843137254902,0.27450980392156865
Decision Tree Classifier,max_depth= 14,0.39215686274509803,1.3725490196078431,0.8627450980392157,0.32752688172043015,0.1073021307058616,0.1340620517730713
Fit,Precision,Recall,f1-score,support
0,0.35714285714285715,0.39215686274509803,0.37383177570093457,51.0
1,0.46511627906976744,0.39215686274509803,0.425531914893617,51.0
2,0.37037037037037035,0.39215686274509803,0.3809523809523809,51.0
accuracy,0.39215686274509803,0.39215686274509803,0.39215686274509803,0.39215686274509803
macro avg,0.3975431688609983,0.39215686274509803,0.3934386905156442,153.0
weighted avg,0.3975431688609983,0.39215686274509803,0.3934386905156441,153.0
First Row,Second Row,Third Row
0,20,16,20
1,12,20,11
2,19,15,20
First Row,Second Row,Third Row
0,0.39215686274509803,0.3137254901960784,0.39215686274509803
1,0.23529411764705882,0.39215686274509803,0.21568627450980393
2,0.37254901960784315,0.29411764705882354,0.39215686274509803
Decision Tree Classifier,max_depth= 16,0.4117647058823529,1.3137254901960784,0.8300653594771242,0.30795698924731185,0.08874609874681541,0.16203784942626953
Fit,Precision,Recall,f1-score,support
0,0.3469387755102041,0.3333333333333333,0.33999999999999997,51.0
1,0.4827586206896552,0.5490196078431373,0.5137614678899083,51.0
2,0.391304347826087,0.35294117647058826,0.3711340206185567,51.0
accuracy,0.4117647058823529,0.4117647058823529,0.4117647058823529,0.4117647058823529
macro avg,0.4070005813419821,0.411764705882353,0.40829849616948827,153.0
weighted avg,0.4070005813419821,0.4117647058823529,0.4082984961694883,153.0
First Row,Second Row,Third Row
0,17,13,19
1,16,28,14
2,18,10,18
First Row,Second Row,Third Row
0,0.3333333333333333,0.2549019607843137,0.37254901960784315
1,0.3137254901960784,0.5490196078431373,0.27450980392156865
2,0.35294117647058826,0.19607843137254902,0.35294117647058826
Decision Tree Classifier,max_depth= 18,0.39869281045751637,1.2875816993464053,0.8300653594771242,0.3337634408602151,0.12355694964573173,0.11900806427001953
Fit,Precision,Recall,f1-score,support
0,0.375,0.35294117647058826,0.3636363636363636,51.0
1,0.4482758620689655,0.5098039215686274,0.47706422018348627,51.0
2,0.3617021276595745,0.3333333333333333,0.3469387755102041,51.0
accuracy,0.39869281045751637,0.39869281045751637,0.39869281045751637,0.39869281045751637
macro avg,0.39499266324284665,0.3986928104575163,0.39587978644335126,153.0
weighted avg,0.39499266324284665,0.39869281045751637,0.3958797864433513,153.0
First Row,Second Row,Third Row
0,18,12,18
1,16,26,16
2,17,13,17
First Row,Second Row,Third Row
0,0.35294117647058826,0.23529411764705882,0.35294117647058826
1,0.3137254901960784,0.5098039215686274,0.3137254901960784
2,0.3333333333333333,0.2549019607843137,0.3333333333333333
K-Nearest Neighbor,k= 1 weight=uniform,0.3333333333333333,1.4509803921568627,0.9281045751633987,0.32,0.06203322633941801,0.29400014877319336
Fit,Precision,Recall,f1-score,support
0,0.3235294117647059,0.43137254901960786,0.3697478991596639,51.0
1,0.39215686274509803,0.39215686274509803,0.39215686274509803,51.0
2,0.2647058823529412,0.17647058823529413,0.21176470588235294,51.0
accuracy,0.3333333333333333,0.3333333333333333,0.3333333333333333,0.3333333333333333
macro avg,0.32679738562091504,0.3333333333333333,0.32455648926237163,153.0
weighted avg,0.32679738562091504,0.3333333333333333,0.32455648926237163,153.0
First Row,Second Row,Third Row
0,22,20,26
1,15,20,16
2,14,11,9
First Row,Second Row,Third Row
0,0.43137254901960786,0.39215686274509803,0.5098039215686274
1,0.29411764705882354,0.39215686274509803,0.3137254901960784
2,0.27450980392156865,0.21568627450980393,0.17647058823529413
K-Nearest Neighbor,k= 3 weight=uniform,0.3137254901960784,1.5686274509803921,0.9803921568627451,0.3075268817204301,0.09583776324798793,0.25896215438842773
Fit,Precision,Recall,f1-score,support
0,0.3010752688172043,0.5490196078431373,0.38888888888888895,51.0
1,0.38461538461538464,0.29411764705882354,0.33333333333333337,51.0
2,0.23809523809523808,0.09803921568627451,0.1388888888888889,51.0
accuracy,0.3137254901960784,0.3137254901960784,0.3137254901960784,0.3137254901960784
macro avg,0.30792863050927566,0.3137254901960785,0.28703703703703703,153.0
weighted avg,0.30792863050927566,0.3137254901960784,0.2870370370370371,153.0
First Row,Second Row,Third Row
0,28,31,34
1,12,15,12
2,11,5,5
First Row,Second Row,Third Row
0,0.5490196078431373,0.6078431372549019,0.6666666666666666
1,0.23529411764705882,0.29411764705882354,0.23529411764705882
2,0.21568627450980393,0.09803921568627451,0.09803921568627451
K-Nearest Neighbor,k= 5 weight=uniform,0.3333333333333333,1.5098039215686274,0.9477124183006536,0.34021505376344086,0.02971012690400527,0.22821331024169922
Fit,Precision,Recall,f1-score,support
0,0.3068181818181818,0.5294117647058824,0.38848920863309355,51.0
1,0.4,0.3137254901960784,0.3516483516483516,51.0
2,0.32,0.1568627450980392,0.21052631578947367,51.0
accuracy,0.3333333333333333,0.3333333333333333,0.3333333333333333,0.3333333333333333
macro avg,0.3422727272727273,0.3333333333333333,0.3168879586903063,153.0
weighted avg,0.3422727272727273,0.3333333333333333,0.31688795869030634,153.0
First Row,Second Row,Third Row
0,27,29,32
1,13,16,11
2,11,6,8
First Row,Second Row,Third Row
0,0.5294117647058824,0.5686274509803921,0.6274509803921569
1,0.2549019607843137,0.3137254901960784,0.21568627450980393
2,0.21568627450980393,0.11764705882352941,0.1568627450980392
K-Nearest Neighbor,k= 7 weight=uniform,0.3464052287581699,1.5751633986928104,0.9607843137254902,0.31354838709677424,0.04359071353389162,0.2142345905303955
Fit,Precision,Recall,f1-score,support
0,0.29411764705882354,0.49019607843137253,0.36764705882352944,51.0
1,0.47619047619047616,0.39215686274509803,0.4301075268817204,51.0
2,0.3076923076923077,0.1568627450980392,0.2077922077922078,51.0
accuracy,0.3464052287581699,0.3464052287581699,0.3464052287581699,0.3464052287581699
macro avg,0.3593334769805358,0.34640522875816987,0.3351822644991525,153.0
weighted avg,0.3593334769805358,0.3464052287581699,0.33518226449915256,153.0
First Row,Second Row,Third Row
0,25,26,34
1,13,20,9
2,13,5,8
First Row,Second Row,Third Row
0,0.49019607843137253,0.5098039215686274,0.6666666666666666
1,0.2549019607843137,0.39215686274509803,0.17647058823529413
2,0.2549019607843137,0.09803921568627451,0.1568627450980392
K-Nearest Neighbor,k= 9 weight=uniform,0.32679738562091504,1.5555555555555556,0.9673202614379085,0.3268817204301075,0.041142207461739765,0.23004627227783203
Fit,Precision,Recall,f1-score,support
0,0.30120481927710846,0.49019607843137253,0.373134328358209,51.0
1,0.41025641025641024,0.3137254901960784,0.3555555555555555,51.0
2,0.2903225806451613,0.17647058823529413,0.21951219512195125,51.0
accuracy,0.32679738562091504,0.32679738562091504,0.32679738562091504,0.32679738562091504
macro avg,0.33392793672622667,0.32679738562091504,0.3160673596785719,153.0
weighted avg,0.33392793672622667,0.32679738562091504,0.3160673596785719,153.0
First Row,Second Row,Third Row
0,25,27,31
1,12,16,11
2,14,8,9
First Row,Second Row,Third Row
0,0.49019607843137253,0.5294117647058824,0.6078431372549019
1,0.23529411764705882,0.3137254901960784,0.21568627450980393
2,0.27450980392156865,0.1568627450980392,0.17647058823529413
K-Nearest Neighbor,k= 1 weight=distance,0.3333333333333333,1.4509803921568627,0.9281045751633987,0.32,0.06203322633941801,0.2661018371582031
Fit,Precision,Recall,f1-score,support
0,0.3235294117647059,0.43137254901960786,0.3697478991596639,51.0
1,0.39215686274509803,0.39215686274509803,0.39215686274509803,51.0
2,0.2647058823529412,0.17647058823529413,0.21176470588235294,51.0
accuracy,0.3333333333333333,0.3333333333333333,0.3333333333333333,0.3333333333333333
macro avg,0.32679738562091504,0.3333333333333333,0.32455648926237163,153.0
weighted avg,0.32679738562091504,0.3333333333333333,0.32455648926237163,153.0
First Row,Second Row,Third Row
0,22,20,26
1,15,20,16
2,14,11,9
First Row,Second Row,Third Row
0,0.43137254901960786,0.39215686274509803,0.5098039215686274
1,0.29411764705882354,0.39215686274509803,0.3137254901960784
2,0.27450980392156865,0.21568627450980393,0.17647058823529413
K-Nearest Neighbor,k= 3 weight=distance,0.3333333333333333,1.4705882352941178,0.934640522875817,0.3204301075268817,0.09614851502070527,0.3921358585357666
Fit,Precision,Recall,f1-score,support
0,0.32051282051282054,0.49019607843137253,0.38759689922480617,51.0
1,0.38636363636363635,0.3333333333333333,0.35789473684210527,51.0
2,0.2903225806451613,0.17647058823529413,0.21951219512195125,51.0
accuracy,0.3333333333333333,0.3333333333333333,0.3333333333333333,0.3333333333333333
macro avg,0.33239967917387275,0.3333333333333333,0.3216679437296209,153.0
weighted avg,0.3323996791738727,0.3333333333333333,0.3216679437296209,153.0
First Row,Second Row,Third Row
0,25,25,28
1,13,17,14
2,13,9,9
First Row,Second Row,Third Row
0,0.49019607843137253,0.49019607843137253,0.5490196078431373
1,0.2549019607843137,0.3333333333333333,0.27450980392156865
2,0.2549019607843137,0.17647058823529413,0.17647058823529413
K-Nearest Neighbor,k= 5 weight=distance,0.3202614379084967,1.542483660130719,0.9673202614379085,0.33376344086021503,0.0915472529678349,0.13900065422058105
Fit,Precision,Recall,f1-score,support
0,0.2962962962962963,0.47058823529411764,0.3636363636363636,51.0
1,0.3953488372093023,0.3333333333333333,0.36170212765957444,51.0
2,0.27586206896551724,0.1568627450980392,0.2,51.0
accuracy,0.3202614379084967,0.3202614379084967,0.3202614379084967,0.3202614379084967
macro avg,0.3225024008237053,0.32026143790849676,0.30844616376531264,153.0
weighted avg,0.32250240082370524,0.3202614379084967,0.3084461637653127,153.0
First Row,Second Row,Third Row
0,24,28,29
1,12,17,14
2,15,6,8
First Row,Second Row,Third Row
0,0.47058823529411764,0.5490196078431373,0.5686274509803921
1,0.23529411764705882,0.3333333333333333,0.27450980392156865
2,0.29411764705882354,0.11764705882352941,0.1568627450980392
K-Nearest Neighbor,k= 7 weight=distance,0.35947712418300654,1.5032679738562091,0.9281045751633987,0.3597849462365591,0.051968310380921985,0.14103436470031738
Fit,Precision,Recall,f1-score,support
0,0.3125,0.49019607843137253,0.381679389312977,51.0
1,0.4666666666666667,0.4117647058823529,0.43749999999999994,51.0
2,0.32142857142857145,0.17647058823529413,0.2278481012658228,51.0
accuracy,0.35947712418300654,0.35947712418300654,0.35947712418300654,0.35947712418300654
macro avg,0.3668650793650794,0.35947712418300654,0.3490091635262666,153.0
weighted avg,0.36686507936507934,0.35947712418300654,0.3490091635262666,153.0
First Row,Second Row,Third Row
0,25,24,31
1,13,21,11
2,13,6,9
First Row,Second Row,Third Row
0,0.49019607843137253,0.47058823529411764,0.6078431372549019
1,0.2549019607843137,0.4117647058823529,0.21568627450980393
2,0.2549019607843137,0.11764705882352941,0.17647058823529413
K-Nearest Neighbor,k= 9 weight=distance,0.3333333333333333,1.5098039215686274,0.9477124183006536,0.3664516129032258,0.05843529565657643,0.11799764633178711
Fit,Precision,Recall,f1-score,support
0,0.31645569620253167,0.49019607843137253,0.38461538461538464,51.0
1,0.40476190476190477,0.3333333333333333,0.3655913978494623,51.0
2,0.28125,0.17647058823529413,0.21686746987951808,51.0
accuracy,0.3333333333333333,0.3333333333333333,0.3333333333333333,0.3333333333333333
macro avg,0.3341558669881455,0.3333333333333333,0.32235808411478833,153.0
weighted avg,0.3341558669881455,0.3333333333333333,0.3223580841147883,153.0
First Row,Second Row,Third Row
0,25,25,29
1,12,17,13
2,14,9,9
First Row,Second Row,Third Row
0,0.49019607843137253,0.49019607843137253,0.5686274509803921
1,0.23529411764705882,0.3333333333333333,0.2549019607843137
2,0.27450980392156865,0.17647058823529413,0.17647058823529413
