name,subname,accuracy,rmse,mae,crossval_accuracy,crossval_accuracy_stnd_dev,timetotrain(fitting)
Support Vector Machine (SVC),Decision Function Shape: ovo,0.3202614379084967,1.4444444444444444,0.934640522875817,0.33913978494623653,0.056201082582381025,19.87724804878235
Fit,Precision,Recall,f1-score,support
0,0.30985915492957744,0.43137254901960786,0.360655737704918,51.0
1,0.34782608695652173,0.3137254901960784,0.32989690721649484,51.0
2,0.3055555555555556,0.21568627450980393,0.25287356321839083,51.0
accuracy,0.3202614379084967,0.3202614379084967,0.3202614379084967,0.3202614379084967
macro avg,0.32108026581388494,0.32026143790849676,0.31447540271326785,153.0
weighted avg,0.32108026581388494,0.3202614379084967,0.31447540271326785,153.0
First Row,Second Row,Third Row
0,22,25,24
1,14,16,16
2,15,10,11
First Row,Second Row,Third Row
0,0.43137254901960786,0.49019607843137253,0.47058823529411764
1,0.27450980392156865,0.3137254901960784,0.3137254901960784
2,0.29411764705882354,0.19607843137254902,0.21568627450980393
Support Vector Machine (SVC),Decision Function Shape: ovr,0.3202614379084967,1.4444444444444444,0.934640522875817,0.33913978494623653,0.056201082582381025,21.483486890792847
Fit,Precision,Recall,f1-score,support
0,0.30985915492957744,0.43137254901960786,0.360655737704918,51.0
1,0.34782608695652173,0.3137254901960784,0.32989690721649484,51.0
2,0.3055555555555556,0.21568627450980393,0.25287356321839083,51.0
accuracy,0.3202614379084967,0.3202614379084967,0.3202614379084967,0.3202614379084967
macro avg,0.32108026581388494,0.32026143790849676,0.31447540271326785,153.0
weighted avg,0.32108026581388494,0.3202614379084967,0.31447540271326785,153.0
First Row,Second Row,Third Row
0,22,25,24
1,14,16,16
2,15,10,11
First Row,Second Row,Third Row
0,0.43137254901960786,0.49019607843137253,0.47058823529411764
1,0.27450980392156865,0.3137254901960784,0.3137254901960784
2,0.29411764705882354,0.19607843137254902,0.21568627450980393
Support Vector Machine (LinearSVC),scheme: crammer_singer,0.3137254901960784,1.4509803921568627,0.9411764705882353,0.3135483870967742,0.031353629193303395,1.577625036239624
Fit,Precision,Recall,f1-score,support
0,0.3116883116883117,0.47058823529411764,0.37499999999999994,51.0
1,0.32558139534883723,0.27450980392156865,0.29787234042553196,51.0
2,0.30303030303030304,0.19607843137254902,0.23809523809523808,51.0
accuracy,0.3137254901960784,0.3137254901960784,0.3137254901960784,0.3137254901960784
macro avg,0.31343333668915063,0.3137254901960784,0.30365585950692336,153.0
weighted avg,0.31343333668915063,0.3137254901960784,0.3036558595069233,153.0
First Row,Second Row,Third Row
0,24,28,25
1,13,14,16
2,14,9,10
First Row,Second Row,Third Row
0,0.47058823529411764,0.5490196078431373,0.49019607843137253
1,0.2549019607843137,0.27450980392156865,0.3137254901960784
2,0.27450980392156865,0.17647058823529413,0.19607843137254902
Support Vector Machine (LinearSVC),scheme: ovr,0.30718954248366015,1.3398692810457515,0.9084967320261438,0.3391397849462366,0.06638720475380555,2.948042631149292
Fit,Precision,Recall,f1-score,support
0,0.36,0.35294117647058826,0.3564356435643565,51.0
1,0.2962962962962963,0.3137254901960784,0.3047619047619048,51.0
2,0.2653061224489796,0.2549019607843137,0.25999999999999995,51.0
accuracy,0.30718954248366015,0.30718954248366015,0.30718954248366015,0.30718954248366015
macro avg,0.3072008062484253,0.30718954248366015,0.3070658494420871,153.0
weighted avg,0.30720080624842533,0.30718954248366015,0.3070658494420871,153.0
First Row,Second Row,Third Row
0,18,16,16
1,16,16,22
2,17,19,13
First Row,Second Row,Third Row
0,0.35294117647058826,0.3137254901960784,0.3137254901960784
1,0.3137254901960784,0.3137254901960784,0.43137254901960786
2,0.3333333333333333,0.37254901960784315,0.2549019607843137
Decision Tree Classifier,max_depth= 4,0.29411764705882354,1.5490196078431373,0.9869281045751634,0.26086021505376344,0.08004970129139305,0.018001556396484375
Fit,Precision,Recall,f1-score,support
0,0.3258426966292135,0.5686274509803921,0.41428571428571426,51.0
1,0.3055555555555556,0.21568627450980393,0.25287356321839083,51.0
2,0.17857142857142858,0.09803921568627451,0.12658227848101264,51.0
accuracy,0.29411764705882354,0.29411764705882354,0.29411764705882354,0.29411764705882354
macro avg,0.2699898935853992,0.29411764705882354,0.2645805186617059,153.0
weighted avg,0.26998989358539927,0.29411764705882354,0.26458051866170584,153.0
First Row,Second Row,Third Row
0,29,28,32
1,11,11,14
2,11,12,5
First Row,Second Row,Third Row
0,0.5686274509803921,0.5490196078431373,0.6274509803921569
1,0.21568627450980393,0.21568627450980393,0.27450980392156865
2,0.21568627450980393,0.23529411764705882,0.09803921568627451
Decision Tree Classifier,max_depth= 6,0.3006535947712418,1.4836601307189543,0.9607843137254902,0.18344086021505376,0.07196304340521316,0.026999711990356445
Fit,Precision,Recall,f1-score,support
0,0.3176470588235294,0.5294117647058824,0.39705882352941174,51.0
1,0.30952380952380953,0.2549019607843137,0.27956989247311825,51.0
2,0.23076923076923078,0.11764705882352941,0.15584415584415587,51.0
accuracy,0.3006535947712418,0.3006535947712418,0.3006535947712418,0.3006535947712418
macro avg,0.2859800330388566,0.3006535947712418,0.2774909572822286,153.0
weighted avg,0.28598003303885655,0.3006535947712418,0.2774909572822286,153.0
First Row,Second Row,Third Row
0,27,28,30
1,14,13,15
2,10,10,6
First Row,Second Row,Third Row
0,0.5294117647058824,0.5490196078431373,0.5882352941176471
1,0.27450980392156865,0.2549019607843137,0.29411764705882354
2,0.19607843137254902,0.19607843137254902,0.11764705882352941
Decision Tree Classifier,max_depth= 8,0.29411764705882354,1.4509803921568627,0.954248366013072,0.2679569892473118,0.058904321086520404,0.033995866775512695
Fit,Precision,Recall,f1-score,support
0,0.30158730158730157,0.37254901960784315,0.3333333333333333,51.0
1,0.30612244897959184,0.29411764705882354,0.30000000000000004,51.0
2,0.2682926829268293,0.21568627450980393,0.23913043478260873,51.0
accuracy,0.29411764705882354,0.29411764705882354,0.29411764705882354,0.29411764705882354
macro avg,0.2920008111645742,0.29411764705882354,0.29082125603864734,153.0
weighted avg,0.29200081116457427,0.29411764705882354,0.2908212560386474,153.0
First Row,Second Row,Third Row
0,19,22,22
1,16,15,18
2,16,14,11
First Row,Second Row,Third Row
0,0.37254901960784315,0.43137254901960786,0.43137254901960786
1,0.3137254901960784,0.29411764705882354,0.35294117647058826
2,0.3137254901960784,0.27450980392156865,0.21568627450980393
Decision Tree Classifier,max_depth= 10,0.3202614379084967,1.4052287581699345,0.9215686274509803,0.29397849462365594,0.053130032220363346,0.039998531341552734
Fit,Precision,Recall,f1-score,support
0,0.3582089552238806,0.47058823529411764,0.4067796610169491,51.0
1,0.32608695652173914,0.29411764705882354,0.30927835051546393,51.0
2,0.25,0.19607843137254902,0.2197802197802198,51.0
accuracy,0.3202614379084967,0.3202614379084967,0.3202614379084967,0.3202614379084967
macro avg,0.3114319705818733,0.3202614379084967,0.31194607710421096,153.0
weighted avg,0.3114319705818732,0.3202614379084967,0.31194607710421096,153.0
First Row,Second Row,Third Row
0,24,20,23
1,13,15,18
2,14,16,10
First Row,Second Row,Third Row
0,0.47058823529411764,0.39215686274509803,0.45098039215686275
1,0.2549019607843137,0.29411764705882354,0.35294117647058826
2,0.27450980392156865,0.3137254901960784,0.19607843137254902
Decision Tree Classifier,max_depth= 12,0.3006535947712418,1.4640522875816993,0.954248366013072,0.2937634408602151,0.052322187306548695,0.045001983642578125
Fit,Precision,Recall,f1-score,support
0,0.3333333333333333,0.45098039215686275,0.3833333333333333,51.0
1,0.3191489361702128,0.29411764705882354,0.3061224489795919,51.0
2,0.21621621621621623,0.1568627450980392,0.18181818181818182,51.0
accuracy,0.3006535947712418,0.3006535947712418,0.3006535947712418,0.3006535947712418
macro avg,0.28956616190658746,0.3006535947712418,0.29042465471036905,153.0
weighted avg,0.28956616190658746,0.3006535947712418,0.290424654710369,153.0
First Row,Second Row,Third Row
0,23,21,25
1,14,15,18
2,14,15,8
First Row,Second Row,Third Row
0,0.45098039215686275,0.4117647058823529,0.49019607843137253
1,0.27450980392156865,0.29411764705882354,0.35294117647058826
2,0.27450980392156865,0.29411764705882354,0.1568627450980392
Decision Tree Classifier,max_depth= 14,0.3137254901960784,1.5294117647058822,0.9673202614379085,0.28731182795698923,0.05004056627010404,0.05000138282775879
Fit,Precision,Recall,f1-score,support
0,0.32142857142857145,0.35294117647058826,0.33644859813084116,51.0
1,0.37209302325581395,0.3137254901960784,0.3404255319148936,51.0
2,0.25925925925925924,0.27450980392156865,0.26666666666666666,51.0
accuracy,0.3137254901960784,0.3137254901960784,0.3137254901960784,0.3137254901960784
macro avg,0.3175936179812149,0.3137254901960785,0.31451359890413383,153.0
weighted avg,0.3175936179812149,0.3137254901960784,0.3145135989041338,153.0
First Row,Second Row,Third Row
0,18,16,22
1,12,16,15
2,21,19,14
First Row,Second Row,Third Row
0,0.35294117647058826,0.3137254901960784,0.43137254901960786
1,0.23529411764705882,0.3137254901960784,0.29411764705882354
2,0.4117647058823529,0.37254901960784315,0.27450980392156865
Decision Tree Classifier,max_depth= 16,0.3137254901960784,1.411764705882353,0.9281045751633987,0.3002150537634408,0.06053066290383922,0.054003000259399414
Fit,Precision,Recall,f1-score,support
0,0.3220338983050847,0.37254901960784315,0.3454545454545454,51.0
1,0.34545454545454546,0.37254901960784315,0.3584905660377358,51.0
2,0.2564102564102564,0.19607843137254902,0.22222222222222224,51.0
accuracy,0.3137254901960784,0.3137254901960784,0.3137254901960784,0.3137254901960784
macro avg,0.3079662333899622,0.3137254901960784,0.30872244457150116,153.0
weighted avg,0.30796623338996215,0.3137254901960784,0.30872244457150116,153.0
First Row,Second Row,Third Row
0,19,18,22
1,17,19,19
2,15,14,10
First Row,Second Row,Third Row
0,0.37254901960784315,0.35294117647058826,0.43137254901960786
1,0.3333333333333333,0.37254901960784315,0.37254901960784315
2,0.29411764705882354,0.27450980392156865,0.19607843137254902
Decision Tree Classifier,max_depth= 18,0.3006535947712418,1.4640522875816993,0.954248366013072,0.29397849462365594,0.04905677560955419,0.05899858474731445
Fit,Precision,Recall,f1-score,support
0,0.3090909090909091,0.3333333333333333,0.3207547169811321,51.0
1,0.34545454545454546,0.37254901960784315,0.3584905660377358,51.0
2,0.23255813953488372,0.19607843137254902,0.2127659574468085,51.0
accuracy,0.3006535947712418,0.3006535947712418,0.3006535947712418,0.3006535947712418
macro avg,0.2957011980267794,0.3006535947712418,0.2973370801552255,153.0
weighted avg,0.2957011980267794,0.3006535947712418,0.2973370801552255,153.0
First Row,Second Row,Third Row
0,17,16,22
1,17,19,19
2,17,16,10
First Row,Second Row,Third Row
0,0.3333333333333333,0.3137254901960784,0.43137254901960786
1,0.3333333333333333,0.37254901960784315,0.37254901960784315
2,0.3333333333333333,0.3137254901960784,0.19607843137254902
Gaussian Naive Bayes Classifier,Gaussian,0.30718954248366015,1.477124183006536,0.954248366013072,0.3391397849462366,0.08410664433735522,0.007033109664916992
Fit,Precision,Recall,f1-score,support
0,0.3333333333333333,0.43137254901960786,0.37606837606837606,51.0
1,0.3469387755102041,0.3333333333333333,0.33999999999999997,51.0
2,0.21052631578947367,0.1568627450980392,0.1797752808988764,51.0
accuracy,0.30718954248366015,0.30718954248366015,0.30718954248366015,0.30718954248366015
macro avg,0.2969328082110037,0.3071895424836601,0.29861455232241746,153.0
weighted avg,0.2969328082110037,0.30718954248366015,0.29861455232241746,153.0
First Row,Second Row,Third Row
0,22,19,25
1,14,17,18
2,15,15,8
First Row,Second Row,Third Row
0,0.43137254901960786,0.37254901960784315,0.49019607843137253
1,0.27450980392156865,0.3333333333333333,0.35294117647058826
2,0.29411764705882354,0.29411764705882354,0.1568627450980392
K-Nearest Neighbor,k= 1 weight=uniform,0.3006535947712418,1.542483660130719,0.9803921568627451,0.24193548387096775,0.06065888657312597,0.10604476928710938
Fit,Precision,Recall,f1-score,support
0,0.24561403508771928,0.27450980392156865,0.25925925925925924,51.0
1,0.35555555555555557,0.3137254901960784,0.3333333333333333,51.0
2,0.3137254901960784,0.3137254901960784,0.3137254901960784,51.0
accuracy,0.3006535947712418,0.3006535947712418,0.3006535947712418,0.3006535947712418
macro avg,0.30496502694645106,0.3006535947712418,0.3021060275962237,153.0
weighted avg,0.3049650269464511,0.3006535947712418,0.3021060275962237,153.0
First Row,Second Row,Third Row
0,14,21,22
1,16,16,13
2,21,14,16
First Row,Second Row,Third Row
0,0.27450980392156865,0.4117647058823529,0.43137254901960786
1,0.3137254901960784,0.3137254901960784,0.2549019607843137
2,0.4117647058823529,0.27450980392156865,0.3137254901960784
K-Nearest Neighbor,k= 3 weight=uniform,0.37254901960784315,1.3725490196078431,0.8758169934640523,0.261505376344086,0.020832483506773917,0.10504722595214844
Fit,Precision,Recall,f1-score,support
0,0.328125,0.4117647058823529,0.3652173913043478,51.0
1,0.4222222222222222,0.37254901960784315,0.3958333333333333,51.0
2,0.38636363636363635,0.3333333333333333,0.35789473684210527,51.0
accuracy,0.37254901960784315,0.37254901960784315,0.37254901960784315,0.37254901960784315
macro avg,0.37890361952861956,0.37254901960784315,0.3729818204932622,153.0
weighted avg,0.3789036195286195,0.37254901960784315,0.3729818204932621,153.0
First Row,Second Row,Third Row
0,21,21,22
1,14,19,12
2,16,11,17
First Row,Second Row,Third Row
0,0.4117647058823529,0.4117647058823529,0.43137254901960786
1,0.27450980392156865,0.37254901960784315,0.23529411764705882
2,0.3137254901960784,0.21568627450980393,0.3333333333333333
K-Nearest Neighbor,k= 5 weight=uniform,0.3137254901960784,1.5098039215686274,0.9607843137254902,0.2808602150537634,0.023463538403416525,0.10075211524963379
Fit,Precision,Recall,f1-score,support
0,0.2916666666666667,0.4117647058823529,0.34146341463414637,51.0
1,0.35714285714285715,0.29411764705882354,0.3225806451612903,51.0
2,0.3076923076923077,0.23529411764705882,0.26666666666666666,51.0
accuracy,0.3137254901960784,0.3137254901960784,0.3137254901960784,0.3137254901960784
macro avg,0.31883394383394387,0.3137254901960784,0.3102369088207011,153.0
weighted avg,0.31883394383394387,0.3137254901960784,0.31023690882070115,153.0
First Row,Second Row,Third Row
0,21,25,26
1,14,15,13
2,16,11,12
First Row,Second Row,Third Row
0,0.4117647058823529,0.49019607843137253,0.5098039215686274
1,0.27450980392156865,0.29411764705882354,0.2549019607843137
2,0.3137254901960784,0.21568627450980393,0.23529411764705882
K-Nearest Neighbor,k= 7 weight=uniform,0.3202614379084967,1.4640522875816993,0.9411764705882353,0.28752688172043006,0.023217840131209942,0.10600447654724121
Fit,Precision,Recall,f1-score,support
0,0.3,0.4117647058823529,0.34710743801652894,51.0
1,0.3488372093023256,0.29411764705882354,0.3191489361702128,51.0
2,0.325,0.2549019607843137,0.28571428571428575,51.0
accuracy,0.3202614379084967,0.3202614379084967,0.3202614379084967,0.3202614379084967
macro avg,0.32461240310077516,0.3202614379084967,0.3173235533003425,153.0
weighted avg,0.3246124031007752,0.3202614379084967,0.31732355330034245,153.0
First Row,Second Row,Third Row
0,21,25,24
1,14,15,14
2,16,11,13
First Row,Second Row,Third Row
0,0.4117647058823529,0.49019607843137253,0.47058823529411764
1,0.27450980392156865,0.29411764705882354,0.27450980392156865
2,0.3137254901960784,0.21568627450980393,0.2549019607843137
K-Nearest Neighbor,k= 9 weight=uniform,0.28104575163398693,1.6209150326797386,1.0196078431372548,0.3197849462365591,0.06407591751192328,0.1139681339263916
Fit,Precision,Recall,f1-score,support
0,0.2571428571428571,0.35294117647058826,0.29752066115702475,51.0
1,0.3333333333333333,0.2549019607843137,0.2888888888888889,51.0
2,0.2727272727272727,0.23529411764705882,0.2526315789473684,51.0
accuracy,0.28104575163398693,0.28104575163398693,0.28104575163398693,0.28104575163398693
macro avg,0.2877344877344877,0.281045751633987,0.279680376331094,153.0
weighted avg,0.28773448773448773,0.28104575163398693,0.27968037633109405,153.0
First Row,Second Row,Third Row
0,18,25,27
1,14,13,12
2,19,13,12
First Row,Second Row,Third Row
0,0.35294117647058826,0.49019607843137253,0.5294117647058824
1,0.27450980392156865,0.2549019607843137,0.23529411764705882
2,0.37254901960784315,0.2549019607843137,0.23529411764705882
K-Nearest Neighbor,k= 1 weight=distance,0.3006535947712418,1.542483660130719,0.9803921568627451,0.24193548387096775,0.06065888657312597,0.11604499816894531
Fit,Precision,Recall,f1-score,support
0,0.24561403508771928,0.27450980392156865,0.25925925925925924,51.0
1,0.35555555555555557,0.3137254901960784,0.3333333333333333,51.0
2,0.3137254901960784,0.3137254901960784,0.3137254901960784,51.0
accuracy,0.3006535947712418,0.3006535947712418,0.3006535947712418,0.3006535947712418
macro avg,0.30496502694645106,0.3006535947712418,0.3021060275962237,153.0
weighted avg,0.3049650269464511,0.3006535947712418,0.3021060275962237,153.0
First Row,Second Row,Third Row
0,14,21,22
1,16,16,13
2,21,14,16
First Row,Second Row,Third Row
0,0.27450980392156865,0.4117647058823529,0.43137254901960786
1,0.3137254901960784,0.3137254901960784,0.2549019607843137
2,0.4117647058823529,0.27450980392156865,0.3137254901960784
K-Nearest Neighbor,k= 3 weight=distance,0.3790849673202614,1.3856209150326797,0.8758169934640523,0.26129032258064516,0.06748029349673745,0.12000060081481934
Fit,Precision,Recall,f1-score,support
0,0.3333333333333333,0.37254901960784315,0.3518518518518519,51.0
1,0.44680851063829785,0.4117647058823529,0.42857142857142855,51.0
2,0.3673469387755102,0.35294117647058826,0.36000000000000004,51.0
accuracy,0.3790849673202614,0.3790849673202614,0.3790849673202614,0.3790849673202614
macro avg,0.3824962609157138,0.3790849673202614,0.38014109347442687,153.0
weighted avg,0.38249626091571387,0.3790849673202614,0.3801410934744268,153.0
First Row,Second Row,Third Row
0,19,17,21
1,14,21,12
2,18,13,18
First Row,Second Row,Third Row
0,0.37254901960784315,0.3333333333333333,0.4117647058823529
1,0.27450980392156865,0.4117647058823529,0.23529411764705882
2,0.35294117647058826,0.2549019607843137,0.35294117647058826
K-Nearest Neighbor,k= 5 weight=distance,0.3202614379084967,1.4836601307189543,0.9477124183006536,0.2812903225806451,0.07623223670959192,0.15796446800231934
Fit,Precision,Recall,f1-score,support
0,0.296875,0.37254901960784315,0.33043478260869563,51.0
1,0.3695652173913043,0.3333333333333333,0.35051546391752575,51.0
2,0.3023255813953488,0.2549019607843137,0.276595744680851,51.0
accuracy,0.3202614379084967,0.3202614379084967,0.3202614379084967,0.3202614379084967
macro avg,0.3229219329288844,0.3202614379084967,0.3191819970690241,153.0
weighted avg,0.3229219329288843,0.3202614379084967,0.3191819970690241,153.0
First Row,Second Row,Third Row
0,19,21,24
1,15,17,14
2,17,13,13
First Row,Second Row,Third Row
0,0.37254901960784315,0.4117647058823529,0.47058823529411764
1,0.29411764705882354,0.3333333333333333,0.27450980392156865
2,0.3333333333333333,0.2549019607843137,0.2549019607843137
K-Nearest Neighbor,k= 7 weight=distance,0.3202614379084967,1.4640522875816993,0.9411764705882353,0.3004301075268817,0.064736541056406,0.1340317726135254
Fit,Precision,Recall,f1-score,support
0,0.2923076923076923,0.37254901960784315,0.3275862068965517,51.0
1,0.35555555555555557,0.3137254901960784,0.3333333333333333,51.0
2,0.32558139534883723,0.27450980392156865,0.29787234042553196,51.0
accuracy,0.3202614379084967,0.3202614379084967,0.3202614379084967,0.3202614379084967
macro avg,0.3244815477373617,0.32026143790849676,0.31959729355180566,153.0
weighted avg,0.3244815477373617,0.3202614379084967,0.3195972935518057,153.0
First Row,Second Row,Third Row
0,19,23,23
1,15,16,14
2,17,12,14
First Row,Second Row,Third Row
0,0.37254901960784315,0.45098039215686275,0.45098039215686275
1,0.29411764705882354,0.3137254901960784,0.27450980392156865
2,0.3333333333333333,0.23529411764705882,0.27450980392156865
K-Nearest Neighbor,k= 9 weight=distance,0.29411764705882354,1.5490196078431373,0.9869281045751634,0.28731182795698923,0.08415831669223396,0.11304473876953125
Fit,Precision,Recall,f1-score,support
0,0.2698412698412698,0.3333333333333333,0.2982456140350877,51.0
1,0.3333333333333333,0.27450980392156865,0.3010752688172043,51.0
2,0.2916666666666667,0.27450980392156865,0.2828282828282829,51.0
accuracy,0.29411764705882354,0.29411764705882354,0.29411764705882354,0.29411764705882354
macro avg,0.29828042328042326,0.29411764705882354,0.29404972189352496,153.0
weighted avg,0.29828042328042326,0.29411764705882354,0.29404972189352496,153.0
First Row,Second Row,Third Row
0,17,23,23
1,14,14,14
2,20,14,14
First Row,Second Row,Third Row
0,0.3333333333333333,0.45098039215686275,0.45098039215686275
1,0.27450980392156865,0.27450980392156865,0.27450980392156865
2,0.39215686274509803,0.27450980392156865,0.27450980392156865
