name,subname,accuracy,rmse,mae,crossval_accuracy,crossval_accuracy_stnd_dev,timetotrain(fitting)
Support Vector Machine (SVC),Decision Function Shape: ovo,0.3333333333333333,1.2352941176470589,0.8562091503267973,[0.22580645 0.22580645 0.32258065 0.43333333 0.36666667],0.08079670349488967,18.409762859344482
Fit,Precision,Recall,f1-score,support
0,0.36619718309859156,0.5098039215686274,0.42622950819672134,51.0
1,0.2608695652173913,0.23529411764705882,0.24742268041237112,51.0
2,0.3611111111111111,0.2549019607843137,0.29885057471264365,51.0
accuracy,0.3333333333333333,0.3333333333333333,0.3333333333333333,0.3333333333333333
macro avg,0.32939261980903134,0.3333333333333333,0.324167587773912,153.0
weighted avg,0.32939261980903134,0.3333333333333333,0.324167587773912,153.0
First Row,Second Row,Third Row
0,26,25,20
1,16,12,18
2,9,14,13
First Row,Second Row,Third Row
0,0.5098039215686274,0.49019607843137253,0.39215686274509803
1,0.3137254901960784,0.23529411764705882,0.35294117647058826
2,0.17647058823529413,0.27450980392156865,0.2549019607843137
Support Vector Machine (SVC),Decision Function Shape: ovr,0.3333333333333333,1.2352941176470589,0.8562091503267973,[0.22580645 0.22580645 0.32258065 0.43333333 0.36666667],0.08079670349488967,18.29250144958496
Fit,Precision,Recall,f1-score,support
0,0.36619718309859156,0.5098039215686274,0.42622950819672134,51.0
1,0.2608695652173913,0.23529411764705882,0.24742268041237112,51.0
2,0.3611111111111111,0.2549019607843137,0.29885057471264365,51.0
accuracy,0.3333333333333333,0.3333333333333333,0.3333333333333333,0.3333333333333333
macro avg,0.32939261980903134,0.3333333333333333,0.324167587773912,153.0
weighted avg,0.32939261980903134,0.3333333333333333,0.324167587773912,153.0
First Row,Second Row,Third Row
0,26,25,20
1,16,12,18
2,9,14,13
First Row,Second Row,Third Row
0,0.5098039215686274,0.49019607843137253,0.39215686274509803
1,0.3137254901960784,0.23529411764705882,0.35294117647058826
2,0.17647058823529413,0.27450980392156865,0.2549019607843137
Support Vector Machine (LinearSVC),scheme: crammer_singer,0.3202614379084967,1.3071895424836601,0.8888888888888888,[0.19354839 0.32258065 0.38709677 0.43333333 0.3       ],0.08182392993072037,1.285954236984253
Fit,Precision,Recall,f1-score,support
0,0.35064935064935066,0.5294117647058824,0.421875,51.0
1,0.2558139534883721,0.21568627450980393,0.23404255319148937,51.0
2,0.3333333333333333,0.21568627450980393,0.26190476190476186,51.0
accuracy,0.3202614379084967,0.3202614379084967,0.3202614379084967,0.3202614379084967
macro avg,0.3132655458236853,0.32026143790849676,0.3059407716987504,153.0
weighted avg,0.3132655458236854,0.3202614379084967,0.3059407716987504,153.0
First Row,Second Row,Third Row
0,27,27,23
1,15,11,17
2,9,13,11
First Row,Second Row,Third Row
0,0.5294117647058824,0.5294117647058824,0.45098039215686275
1,0.29411764705882354,0.21568627450980393,0.3333333333333333
2,0.17647058823529413,0.2549019607843137,0.21568627450980393
Support Vector Machine (LinearSVC),scheme: ovr,0.35947712418300654,1.1699346405228759,0.8169934640522876,[0.22580645 0.25806452 0.35483871 0.43333333 0.3       ],0.07349869414752938,2.81215763092041
Fit,Precision,Recall,f1-score,support
0,0.42,0.4117647058823529,0.41584158415841577,51.0
1,0.3148148148148148,0.3333333333333333,0.32380952380952377,51.0
2,0.3469387755102041,0.3333333333333333,0.33999999999999997,51.0
accuracy,0.35947712418300654,0.35947712418300654,0.35947712418300654,0.35947712418300654
macro avg,0.36058453010833963,0.35947712418300654,0.35988370265597985,153.0
weighted avg,0.36058453010833963,0.35947712418300654,0.35988370265597985,153.0
First Row,Second Row,Third Row
0,21,16,13
1,16,17,21
2,14,18,17
First Row,Second Row,Third Row
0,0.4117647058823529,0.3137254901960784,0.2549019607843137
1,0.3137254901960784,0.3333333333333333,0.4117647058823529
2,0.27450980392156865,0.35294117647058826,0.3333333333333333
Decision Tree Classifier,max_depth= 4,0.38562091503267976,1.261437908496732,0.8300653594771242,0.3729032258064516,0.13876284719057452,0.018041133880615234
Fit,Precision,Recall,f1-score,support
0,0.4157303370786517,0.7254901960784313,0.5285714285714286,51.0
1,0.3611111111111111,0.2549019607843137,0.29885057471264365,51.0
2,0.32142857142857145,0.17647058823529413,0.2278481012658228,51.0
accuracy,0.38562091503267976,0.38562091503267976,0.38562091503267976,0.38562091503267976
macro avg,0.36609000653944473,0.3856209150326797,0.3517567015166317,153.0
weighted avg,0.3660900065394448,0.38562091503267976,0.3517567015166317,153.0
First Row,Second Row,Third Row
0,37,27,25
1,6,13,17
2,8,11,9
First Row,Second Row,Third Row
0,0.7254901960784313,0.5294117647058824,0.49019607843137253
1,0.11764705882352941,0.2549019607843137,0.3333333333333333
2,0.1568627450980392,0.21568627450980393,0.17647058823529413
Decision Tree Classifier,max_depth= 6,0.33986928104575165,1.326797385620915,0.8823529411764706,0.30795698924731185,0.07934463902746024,0.024049997329711914
Fit,Precision,Recall,f1-score,support
0,0.35294117647058826,0.5882352941176471,0.44117647058823534,51.0
1,0.30952380952380953,0.2549019607843137,0.27956989247311825,51.0
2,0.34615384615384615,0.17647058823529413,0.23376623376623376,51.0
accuracy,0.33986928104575165,0.33986928104575165,0.33986928104575165,0.33986928104575165
macro avg,0.33620627738274794,0.3398692810457516,0.3181708656091958,153.0
weighted avg,0.33620627738274794,0.33986928104575165,0.3181708656091958,153.0
First Row,Second Row,Third Row
0,30,27,28
1,15,13,14
2,6,11,9
First Row,Second Row,Third Row
0,0.5882352941176471,0.5294117647058824,0.5490196078431373
1,0.29411764705882354,0.2549019607843137,0.27450980392156865
2,0.11764705882352941,0.21568627450980393,0.17647058823529413
Decision Tree Classifier,max_depth= 8,0.35294117647058826,1.2156862745098038,0.8366013071895425,0.37225806451612903,0.04111072050012394,0.02920246124267578
Fit,Precision,Recall,f1-score,support
0,0.373134328358209,0.49019607843137253,0.423728813559322,51.0
1,0.30612244897959184,0.29411764705882354,0.30000000000000004,51.0
2,0.3783783783783784,0.27450980392156865,0.3181818181818182,51.0
accuracy,0.35294117647058826,0.35294117647058826,0.35294117647058826,0.35294117647058826
macro avg,0.35254505190539315,0.35294117647058826,0.3473035439137134,153.0
weighted avg,0.3525450519053931,0.35294117647058826,0.3473035439137134,153.0
First Row,Second Row,Third Row
0,25,22,20
1,17,15,17
2,9,14,14
First Row,Second Row,Third Row
0,0.49019607843137253,0.43137254901960786,0.39215686274509803
1,0.3333333333333333,0.29411764705882354,0.3333333333333333
2,0.17647058823529413,0.27450980392156865,0.27450980392156865
Decision Tree Classifier,max_depth= 10,0.3202614379084967,1.3660130718954249,0.9084967320261438,0.31333333333333335,0.06594685983691265,0.03503775596618652
Fit,Precision,Recall,f1-score,support
0,0.323943661971831,0.45098039215686275,0.3770491803278689,51.0
1,0.30434782608695654,0.27450980392156865,0.288659793814433,51.0
2,0.3333333333333333,0.23529411764705882,0.27586206896551724,51.0
accuracy,0.3202614379084967,0.3202614379084967,0.3202614379084967,0.3202614379084967
macro avg,0.32054160713070695,0.32026143790849676,0.31385701436927305,153.0
weighted avg,0.32054160713070695,0.3202614379084967,0.31385701436927305,153.0
First Row,Second Row,Third Row
0,23,25,23
1,16,14,16
2,12,12,12
First Row,Second Row,Third Row
0,0.45098039215686275,0.49019607843137253,0.45098039215686275
1,0.3137254901960784,0.27450980392156865,0.3137254901960784
2,0.23529411764705882,0.23529411764705882,0.23529411764705882
Decision Tree Classifier,max_depth= 12,0.35294117647058826,1.2156862745098038,0.8366013071895425,0.33956989247311825,0.05952911923198609,0.04200029373168945
Fit,Precision,Recall,f1-score,support
0,0.36231884057971014,0.49019607843137253,0.4166666666666667,51.0
1,0.2978723404255319,0.27450980392156865,0.28571428571428575,51.0
2,0.40540540540540543,0.29411764705882354,0.34090909090909094,51.0
accuracy,0.35294117647058826,0.35294117647058826,0.35294117647058826,0.35294117647058826
macro avg,0.3551988621368825,0.35294117647058826,0.3477633477633478,153.0
weighted avg,0.3551988621368825,0.35294117647058826,0.3477633477633478,153.0
First Row,Second Row,Third Row
0,25,25,19
1,16,14,17
2,10,12,15
First Row,Second Row,Third Row
0,0.49019607843137253,0.49019607843137253,0.37254901960784315
1,0.3137254901960784,0.27450980392156865,0.3333333333333333
2,0.19607843137254902,0.23529411764705882,0.29411764705882354
Decision Tree Classifier,max_depth= 14,0.3202614379084967,1.4248366013071896,0.9281045751633987,0.34602150537634413,0.05045474786068943,0.04492020606994629
Fit,Precision,Recall,f1-score,support
0,0.2909090909090909,0.3137254901960784,0.3018867924528302,51.0
1,0.32558139534883723,0.27450980392156865,0.29787234042553196,51.0
2,0.34545454545454546,0.37254901960784315,0.3584905660377358,51.0
accuracy,0.3202614379084967,0.3202614379084967,0.3202614379084967,0.3202614379084967
macro avg,0.32064834390415786,0.32026143790849676,0.319416566305366,153.0
weighted avg,0.32064834390415786,0.3202614379084967,0.31941656630536597,153.0
First Row,Second Row,Third Row
0,16,22,17
1,14,14,15
2,21,15,19
First Row,Second Row,Third Row
0,0.3137254901960784,0.43137254901960786,0.3333333333333333
1,0.27450980392156865,0.27450980392156865,0.29411764705882354
2,0.4117647058823529,0.29411764705882354,0.37254901960784315
Decision Tree Classifier,max_depth= 16,0.3137254901960784,1.392156862745098,0.9215686274509803,0.32623655913978494,0.06649161895588589,0.04819774627685547
Fit,Precision,Recall,f1-score,support
0,0.3125,0.39215686274509803,0.34782608695652173,51.0
1,0.30434782608695654,0.27450980392156865,0.288659793814433,51.0
2,0.32558139534883723,0.27450980392156865,0.29787234042553196,51.0
accuracy,0.3137254901960784,0.3137254901960784,0.3137254901960784,0.3137254901960784
macro avg,0.31414307381193124,0.3137254901960785,0.3114527403988289,153.0
weighted avg,0.31414307381193124,0.3137254901960784,0.3114527403988289,153.0
First Row,Second Row,Third Row
0,20,25,19
1,14,14,18
2,17,12,14
First Row,Second Row,Third Row
0,0.39215686274509803,0.49019607843137253,0.37254901960784315
1,0.27450980392156865,0.27450980392156865,0.35294117647058826
2,0.3333333333333333,0.23529411764705882,0.27450980392156865
Decision Tree Classifier,max_depth= 18,0.30718954248366015,1.3202614379084967,0.9019607843137255,0.3197849462365591,0.06495050900993606,0.050012826919555664
Fit,Precision,Recall,f1-score,support
0,0.3090909090909091,0.3333333333333333,0.3207547169811321,51.0
1,0.2909090909090909,0.3137254901960784,0.3018867924528302,51.0
2,0.32558139534883723,0.27450980392156865,0.29787234042553196,51.0
accuracy,0.30718954248366015,0.30718954248366015,0.30718954248366015,0.30718954248366015
macro avg,0.3085271317829457,0.3071895424836601,0.30683794995316477,153.0
weighted avg,0.3085271317829457,0.30718954248366015,0.30683794995316477,153.0
First Row,Second Row,Third Row
0,17,22,16
1,18,16,21
2,16,13,14
First Row,Second Row,Third Row
0,0.3333333333333333,0.43137254901960786,0.3137254901960784
1,0.35294117647058826,0.3137254901960784,0.4117647058823529
2,0.3137254901960784,0.2549019607843137,0.27450980392156865
Naive Bayes Classifier,N/A,0.35294117647058826,1.2549019607843137,0.8496732026143791,0.3408602150537634,0.07243833120632329,0.006036281585693359
Fit,Precision,Recall,f1-score,support
0,0.3787878787878788,0.49019607843137253,0.4273504273504274,51.0
1,0.32653061224489793,0.3137254901960784,0.32,51.0
2,0.34210526315789475,0.2549019607843137,0.2921348314606742,51.0
accuracy,0.35294117647058826,0.35294117647058826,0.35294117647058826,0.35294117647058826
macro avg,0.3491412513968905,0.35294117647058826,0.34649508627036724,153.0
weighted avg,0.3491412513968905,0.35294117647058826,0.3464950862703672,153.0
First Row,Second Row,Third Row
0,25,22,19
1,14,16,19
2,12,13,13
First Row,Second Row,Third Row
0,0.49019607843137253,0.43137254901960786,0.37254901960784315
1,0.27450980392156865,0.3137254901960784,0.37254901960784315
2,0.23529411764705882,0.2549019607843137,0.2549019607843137
K-Nearest Neighbor,k= 1,0.3333333333333333,1.2156862745098038,0.8496732026143791,0.3720430107526882,0.05399519940292548,0.10716414451599121
Fit,Precision,Recall,f1-score,support
0,0.38596491228070173,0.43137254901960786,0.40740740740740744,51.0
1,0.24444444444444444,0.21568627450980393,0.22916666666666663,51.0
2,0.35294117647058826,0.35294117647058826,0.35294117647058826,51.0
accuracy,0.3333333333333333,0.3333333333333333,0.3333333333333333,0.3333333333333333
macro avg,0.3277835110652448,0.3333333333333333,0.32983841684822074,153.0
weighted avg,0.32778351106524484,0.3333333333333333,0.3298384168482208,153.0
First Row,Second Row,Third Row
0,22,21,14
1,15,11,19
2,14,19,18
First Row,Second Row,Third Row
0,0.43137254901960786,0.4117647058823529,0.27450980392156865
1,0.29411764705882354,0.21568627450980393,0.37254901960784315
2,0.27450980392156865,0.37254901960784315,0.35294117647058826
K-Nearest Neighbor,k= 3,0.3333333333333333,1.2941176470588236,0.8758169934640523,0.28774193548387095,0.04845920552930943,0.11218619346618652
Fit,Precision,Recall,f1-score,support
0,0.359375,0.45098039215686275,0.4,51.0
1,0.28888888888888886,0.2549019607843137,0.2708333333333333,51.0
2,0.3409090909090909,0.29411764705882354,0.3157894736842105,51.0
accuracy,0.3333333333333333,0.3333333333333333,0.3333333333333333,0.3333333333333333
macro avg,0.3297243265993266,0.3333333333333333,0.328874269005848,153.0
weighted avg,0.32972432659932666,0.3333333333333333,0.32887426900584793,153.0
First Row,Second Row,Third Row
0,23,23,18
1,14,13,18
2,14,15,15
First Row,Second Row,Third Row
0,0.45098039215686275,0.45098039215686275,0.35294117647058826
1,0.27450980392156865,0.2549019607843137,0.35294117647058826
2,0.27450980392156865,0.29411764705882354,0.29411764705882354
K-Nearest Neighbor,k= 5,0.35947712418300654,1.2483660130718954,0.8431372549019608,0.3273118279569892,0.06080205435551757,0.11056399345397949
Fit,Precision,Recall,f1-score,support
0,0.4027777777777778,0.5686274509803921,0.4715447154471545,51.0
1,0.30952380952380953,0.2549019607843137,0.27956989247311825,51.0
2,0.3333333333333333,0.2549019607843137,0.2888888888888889,51.0
accuracy,0.35947712418300654,0.35947712418300654,0.35947712418300654,0.35947712418300654
macro avg,0.34854497354497355,0.35947712418300654,0.34666783226972053,153.0
weighted avg,0.34854497354497355,0.35947712418300654,0.34666783226972053,153.0
First Row,Second Row,Third Row
0,29,24,19
1,10,13,19
2,12,14,13
First Row,Second Row,Third Row
0,0.5686274509803921,0.47058823529411764,0.37254901960784315
1,0.19607843137254902,0.2549019607843137,0.37254901960784315
2,0.23529411764705882,0.27450980392156865,0.2549019607843137
K-Nearest Neighbor,k= 7,0.3464052287581699,1.3202614379084967,0.8758169934640523,0.32086021505376344,0.07476204205431312,0.10541176795959473
Fit,Precision,Recall,f1-score,support
0,0.34285714285714286,0.47058823529411764,0.39669421487603307,51.0
1,0.32558139534883723,0.27450980392156865,0.29787234042553196,51.0
2,0.375,0.29411764705882354,0.3296703296703296,51.0
accuracy,0.3464052287581699,0.3464052287581699,0.3464052287581699,0.3464052287581699
macro avg,0.34781284606866003,0.34640522875817,0.3414122949906315,153.0
weighted avg,0.34781284606866003,0.3464052287581699,0.3414122949906316,153.0
First Row,Second Row,Third Row
0,24,24,22
1,15,14,14
2,12,13,15
First Row,Second Row,Third Row
0,0.47058823529411764,0.47058823529411764,0.43137254901960786
1,0.29411764705882354,0.27450980392156865,0.27450980392156865
2,0.23529411764705882,0.2549019607843137,0.29411764705882354
K-Nearest Neighbor,k= 9,0.32679738562091504,1.3594771241830066,0.9019607843137255,0.3206451612903226,0.08683592959169673,0.11760735511779785
Fit,Precision,Recall,f1-score,support
0,0.32857142857142857,0.45098039215686275,0.38016528925619836,51.0
1,0.28205128205128205,0.21568627450980393,0.24444444444444446,51.0
2,0.36363636363636365,0.3137254901960784,0.3368421052631579,51.0
accuracy,0.32679738562091504,0.32679738562091504,0.32679738562091504,0.32679738562091504
macro avg,0.32475302475302475,0.32679738562091504,0.3204839463212669,153.0
weighted avg,0.32475302475302475,0.32679738562091504,0.32048394632126687,153.0
First Row,Second Row,Third Row
0,23,25,22
1,15,11,13
2,13,15,16
First Row,Second Row,Third Row
0,0.45098039215686275,0.49019607843137253,0.43137254901960786
1,0.29411764705882354,0.21568627450980393,0.2549019607843137
2,0.2549019607843137,0.29411764705882354,0.3137254901960784
K-Nearest Neighbor,k= 11,0.3333333333333333,1.3137254901960784,0.8823529411764706,0.3602150537634409,0.07292827938844373,0.11253619194030762
Fit,Precision,Recall,f1-score,support
0,0.3333333333333333,0.45098039215686275,0.3833333333333333,51.0
1,0.2857142857142857,0.23529411764705882,0.2580645161290323,51.0
2,0.38095238095238093,0.3137254901960784,0.3440860215053763,51.0
accuracy,0.3333333333333333,0.3333333333333333,0.3333333333333333,0.3333333333333333
macro avg,0.3333333333333333,0.3333333333333333,0.3284946236559139,153.0
weighted avg,0.3333333333333333,0.3333333333333333,0.328494623655914,153.0
First Row,Second Row,Third Row
0,23,26,20
1,15,12,15
2,13,13,16
First Row,Second Row,Third Row
0,0.45098039215686275,0.5098039215686274,0.39215686274509803
1,0.29411764705882354,0.23529411764705882,0.29411764705882354
2,0.2549019607843137,0.2549019607843137,0.3137254901960784
K-Nearest Neighbor,k= 13,0.33986928104575165,1.2287581699346406,0.8496732026143791,0.37290322580645163,0.06841076211887147,0.10585427284240723
Fit,Precision,Recall,f1-score,support
0,0.34328358208955223,0.45098039215686275,0.38983050847457623,51.0
1,0.2765957446808511,0.2549019607843137,0.26530612244897955,51.0
2,0.41025641025641024,0.3137254901960784,0.3555555555555555,51.0
accuracy,0.33986928104575165,0.33986928104575165,0.33986928104575165,0.33986928104575165
macro avg,0.3433785790089378,0.3398692810457516,0.33689739549303716,153.0
weighted avg,0.3433785790089378,0.33986928104575165,0.3368973954930371,153.0
First Row,Second Row,Third Row
0,23,26,18
1,17,13,17
2,11,12,16
First Row,Second Row,Third Row
0,0.45098039215686275,0.5098039215686274,0.35294117647058826
1,0.3333333333333333,0.2549019607843137,0.3333333333333333
2,0.21568627450980393,0.23529411764705882,0.3137254901960784
K-Nearest Neighbor,k= 15,0.32679738562091504,1.3202614379084967,0.8888888888888888,0.3658064516129032,0.05449990214694936,0.11222410202026367
Fit,Precision,Recall,f1-score,support
0,0.3287671232876712,0.47058823529411764,0.3870967741935484,51.0
1,0.27906976744186046,0.23529411764705882,0.2553191489361702,51.0
2,0.3783783783783784,0.27450980392156865,0.3181818181818182,51.0
accuracy,0.32679738562091504,0.32679738562091504,0.32679738562091504,0.32679738562091504
macro avg,0.32873842303597006,0.32679738562091504,0.32019924710384556,153.0
weighted avg,0.32873842303597006,0.32679738562091504,0.32019924710384556,153.0
First Row,Second Row,Third Row
0,24,27,22
1,16,12,15
2,11,12,14
First Row,Second Row,Third Row
0,0.47058823529411764,0.5294117647058824,0.43137254901960786
1,0.3137254901960784,0.23529411764705882,0.29411764705882354
2,0.21568627450980393,0.23529411764705882,0.27450980392156865
K-Nearest Neighbor,k= 17,0.3333333333333333,1.3137254901960784,0.8823529411764706,0.3466666666666666,0.07079679639594094,0.10253357887268066
Fit,Precision,Recall,f1-score,support
0,0.35365853658536583,0.5686274509803921,0.43609022556390975,51.0
1,0.2631578947368421,0.19607843137254902,0.2247191011235955,51.0
2,0.36363636363636365,0.23529411764705882,0.2857142857142857,51.0
accuracy,0.3333333333333333,0.3333333333333333,0.3333333333333333,0.3333333333333333
macro avg,0.3268175983195239,0.3333333333333333,0.315507870800597,153.0
weighted avg,0.3268175983195239,0.3333333333333333,0.31550787080059695,153.0
First Row,Second Row,Third Row
0,29,29,24
1,13,10,15
2,9,12,12
First Row,Second Row,Third Row
0,0.5686274509803921,0.5686274509803921,0.47058823529411764
1,0.2549019607843137,0.19607843137254902,0.29411764705882354
2,0.17647058823529413,0.23529411764705882,0.23529411764705882
K-Nearest Neighbor,k= 19,0.3202614379084967,1.3660130718954249,0.9084967320261438,0.35311827956989245,0.0667207550268054,0.1001894474029541
Fit,Precision,Recall,f1-score,support
0,0.3375,0.5294117647058824,0.4122137404580153,51.0
1,0.23529411764705882,0.1568627450980392,0.18823529411764706,51.0
2,0.358974358974359,0.27450980392156865,0.31111111111111117,51.0
accuracy,0.3202614379084967,0.3202614379084967,0.3202614379084967,0.3202614379084967
macro avg,0.3105894922071393,0.32026143790849676,0.30385338189559113,153.0
weighted avg,0.3105894922071393,0.3202614379084967,0.30385338189559113,153.0
First Row,Second Row,Third Row
0,27,29,24
1,13,8,13
2,11,14,14
First Row,Second Row,Third Row
0,0.5294117647058824,0.5686274509803921,0.47058823529411764
1,0.2549019607843137,0.1568627450980392,0.2549019607843137
2,0.21568627450980393,0.27450980392156865,0.27450980392156865
