name,subname,accuracy,rmse,mae,crossval_accuracy,crossval_accuracy_stnd_dev,timetotrain(fitting)
Support Vector Machine (SVC),Decision Function Shape: ovo,0.3611111111111111,1.3055555555555556,0.8611111111111112,0.3076190476190476,0.09858868033986692,21.077502965927124
Fit,Precision,Recall,f1-score,support
0,0.38095238095238093,0.6666666666666666,0.4848484848484849,24.0
1,0.3125,0.20833333333333334,0.25,24.0
2,0.35714285714285715,0.20833333333333334,0.2631578947368421,24.0
accuracy,0.3611111111111111,0.3611111111111111,0.3611111111111111,0.3611111111111111
macro avg,0.35019841269841273,0.3611111111111111,0.33266879319510895,72.0
weighted avg,0.35019841269841273,0.3611111111111111,0.33266879319510906,72.0
First Row,Second Row,Third Row
0,16,15,11
1,3,5,8
2,5,4,5
First Row,Second Row,Third Row
0,0.6666666666666666,0.625,0.4583333333333333
1,0.125,0.20833333333333334,0.3333333333333333
2,0.20833333333333334,0.16666666666666666,0.20833333333333334
Support Vector Machine (SVC),Decision Function Shape: ovr,0.3611111111111111,1.3055555555555556,0.8611111111111112,0.3076190476190476,0.09858868033986692,20.006620407104492
Fit,Precision,Recall,f1-score,support
0,0.38095238095238093,0.6666666666666666,0.4848484848484849,24.0
1,0.3125,0.20833333333333334,0.25,24.0
2,0.35714285714285715,0.20833333333333334,0.2631578947368421,24.0
accuracy,0.3611111111111111,0.3611111111111111,0.3611111111111111,0.3611111111111111
macro avg,0.35019841269841273,0.3611111111111111,0.33266879319510895,72.0
weighted avg,0.35019841269841273,0.3611111111111111,0.33266879319510906,72.0
First Row,Second Row,Third Row
0,16,15,11
1,3,5,8
2,5,4,5
First Row,Second Row,Third Row
0,0.6666666666666666,0.625,0.4583333333333333
1,0.125,0.20833333333333334,0.3333333333333333
2,0.20833333333333334,0.16666666666666666,0.20833333333333334
Support Vector Machine (LinearSVC),scheme: crammer_singer,0.3611111111111111,1.3055555555555556,0.8611111111111112,0.2647619047619047,0.056069280112514386,1.5724034309387207
Fit,Precision,Recall,f1-score,support
0,0.37777777777777777,0.7083333333333334,0.49275362318840576,24.0
1,0.3125,0.20833333333333334,0.25,24.0
2,0.36363636363636365,0.16666666666666666,0.2285714285714286,24.0
accuracy,0.3611111111111111,0.3611111111111111,0.3611111111111111,0.3611111111111111
macro avg,0.35130471380471384,0.36111111111111116,0.3237750172532781,72.0
weighted avg,0.3513047138047138,0.3611111111111111,0.32377501725327806,72.0
First Row,Second Row,Third Row
0,17,16,12
1,3,5,8
2,4,3,4
First Row,Second Row,Third Row
0,0.7083333333333334,0.6666666666666666,0.5
1,0.125,0.20833333333333334,0.3333333333333333
2,0.16666666666666666,0.125,0.16666666666666666
Support Vector Machine (LinearSVC),scheme: ovr,0.4166666666666667,1.125,0.7638888888888888,0.35047619047619044,0.13325167567537297,2.5400872230529785
Fit,Precision,Recall,f1-score,support
0,0.48484848484848486,0.6666666666666666,0.5614035087719298,24.0
1,0.38095238095238093,0.3333333333333333,0.35555555555555557,24.0
2,0.3333333333333333,0.25,0.28571428571428575,24.0
accuracy,0.4166666666666667,0.4166666666666667,0.4166666666666667,0.4166666666666667
macro avg,0.3997113997113997,0.4166666666666667,0.4008911166805904,72.0
weighted avg,0.3997113997113997,0.4166666666666667,0.40089111668059035,72.0
First Row,Second Row,Third Row
0,16,9,8
1,3,8,10
2,5,7,6
First Row,Second Row,Third Row
0,0.6666666666666666,0.375,0.3333333333333333
1,0.125,0.3333333333333333,0.4166666666666667
2,0.20833333333333334,0.2916666666666667,0.25
Decision Tree Classifier,max_depth= 4,0.375,1.0833333333333333,0.7777777777777778,0.3323809523809524,0.10035763712243422,0.016049623489379883
Fit,Precision,Recall,f1-score,support
0,0.425,0.7083333333333334,0.53125,24.0
1,0.3076923076923077,0.3333333333333333,0.32,24.0
2,0.3333333333333333,0.08333333333333333,0.13333333333333333,24.0
accuracy,0.375,0.375,0.375,0.375
macro avg,0.35534188034188036,0.375,0.32819444444444446,72.0
weighted avg,0.3553418803418803,0.375,0.32819444444444446,72.0
First Row,Second Row,Third Row
0,17,13,10
1,6,8,12
2,1,3,2
First Row,Second Row,Third Row
0,0.7083333333333334,0.5416666666666666,0.4166666666666667
1,0.25,0.3333333333333333,0.5
2,0.041666666666666664,0.125,0.08333333333333333
Decision Tree Classifier,max_depth= 6,0.3888888888888889,1.2361111111111112,0.8194444444444444,0.2885714285714286,0.10998247644382515,0.021997690200805664
Fit,Precision,Recall,f1-score,support
0,0.39215686274509803,0.8333333333333334,0.5333333333333333,24.0
1,0.3333333333333333,0.20833333333333334,0.25641025641025644,24.0
2,0.5,0.125,0.2,24.0
accuracy,0.3888888888888889,0.3888888888888889,0.3888888888888889,0.3888888888888889
macro avg,0.40849673202614384,0.3888888888888889,0.3299145299145299,72.0
weighted avg,0.40849673202614384,0.3888888888888889,0.32991452991452996,72.0
First Row,Second Row,Third Row
0,20,17,14
1,3,5,7
2,1,2,3
First Row,Second Row,Third Row
0,0.8333333333333334,0.7083333333333334,0.5833333333333334
1,0.125,0.20833333333333334,0.2916666666666667
2,0.041666666666666664,0.08333333333333333,0.125
Decision Tree Classifier,max_depth= 8,0.3333333333333333,1.4166666666666667,0.9166666666666666,0.3028571428571428,0.13477452406000515,0.027587413787841797
Fit,Precision,Recall,f1-score,support
0,0.35,0.875,0.4999999999999999,24.0
1,0.0,0.0,0.0,24.0
2,0.5,0.125,0.2,24.0
accuracy,0.3333333333333333,0.3333333333333333,0.3333333333333333,0.3333333333333333
macro avg,0.2833333333333333,0.3333333333333333,0.2333333333333333,72.0
weighted avg,0.2833333333333333,0.3333333333333333,0.23333333333333328,72.0
First Row,Second Row,Third Row
0,21,22,17
1,2,0,4
2,1,2,3
First Row,Second Row,Third Row
0,0.875,0.9166666666666666,0.7083333333333334
1,0.08333333333333333,0.0,0.16666666666666666
2,0.041666666666666664,0.08333333333333333,0.125
Decision Tree Classifier,max_depth= 10,0.3472222222222222,1.3611111111111112,0.8888888888888888,0.2895238095238095,0.11282398548482621,0.03503537178039551
Fit,Precision,Recall,f1-score,support
0,0.35185185185185186,0.7916666666666666,0.48717948717948717,24.0
1,0.25,0.125,0.16666666666666666,24.0
2,0.5,0.125,0.2,24.0
accuracy,0.3472222222222222,0.3472222222222222,0.3472222222222222,0.3472222222222222
macro avg,0.36728395061728397,0.34722222222222215,0.28461538461538466,72.0
weighted avg,0.3672839506172839,0.3472222222222222,0.2846153846153846,72.0
First Row,Second Row,Third Row
0,19,19,16
1,4,3,5
2,1,2,3
First Row,Second Row,Third Row
0,0.7916666666666666,0.7916666666666666,0.6666666666666666
1,0.16666666666666666,0.125,0.20833333333333334
2,0.041666666666666664,0.08333333333333333,0.125
Decision Tree Classifier,max_depth= 12,0.2916666666666667,1.5833333333333333,1.0,0.3304761904761905,0.12575756830662146,0.03999733924865723
Fit,Precision,Recall,f1-score,support
0,0.3076923076923077,0.6666666666666666,0.42105263157894735,24.0
1,0.25,0.125,0.16666666666666666,24.0
2,0.25,0.08333333333333333,0.125,24.0
accuracy,0.2916666666666667,0.2916666666666667,0.2916666666666667,0.2916666666666667
macro avg,0.2692307692307692,0.2916666666666667,0.23757309941520466,72.0
weighted avg,0.2692307692307693,0.2916666666666667,0.23757309941520466,72.0
First Row,Second Row,Third Row
0,16,19,17
1,4,3,5
2,4,2,2
First Row,Second Row,Third Row
0,0.6666666666666666,0.7916666666666666,0.7083333333333334
1,0.16666666666666666,0.125,0.20833333333333334
2,0.16666666666666666,0.08333333333333333,0.08333333333333333
Decision Tree Classifier,max_depth= 14,0.2916666666666667,1.5,0.9722222222222222,0.2895238095238095,0.11282398548482621,0.04399991035461426
Fit,Precision,Recall,f1-score,support
0,0.3018867924528302,0.6666666666666666,0.41558441558441556,24.0
1,0.21428571428571427,0.125,0.15789473684210525,24.0
2,0.4,0.08333333333333333,0.13793103448275862,24.0
accuracy,0.2916666666666667,0.2916666666666667,0.2916666666666667,0.2916666666666667
macro avg,0.3053908355795148,0.2916666666666667,0.23713672896975982,72.0
weighted avg,0.30539083557951485,0.2916666666666667,0.23713672896975982,72.0
First Row,Second Row,Third Row
0,16,19,18
1,7,3,4
2,1,2,2
First Row,Second Row,Third Row
0,0.6666666666666666,0.7916666666666666,0.75
1,0.2916666666666667,0.125,0.16666666666666666
2,0.041666666666666664,0.08333333333333333,0.08333333333333333
Decision Tree Classifier,max_depth= 16,0.3194444444444444,1.3472222222222223,0.9027777777777778,0.3028571428571428,0.13477452406000515,0.04703497886657715
Fit,Precision,Recall,f1-score,support
0,0.3111111111111111,0.5833333333333334,0.4057971014492754,24.0
1,0.2,0.125,0.15384615384615385,24.0
2,0.5,0.25,0.3333333333333333,24.0
accuracy,0.3194444444444444,0.3194444444444444,0.3194444444444444,0.3194444444444444
macro avg,0.337037037037037,0.3194444444444445,0.2976588628762542,72.0
weighted avg,0.337037037037037,0.3194444444444444,0.2976588628762542,72.0
First Row,Second Row,Third Row
0,14,18,13
1,7,3,5
2,3,3,6
First Row,Second Row,Third Row
0,0.5833333333333334,0.75,0.5416666666666666
1,0.2916666666666667,0.125,0.20833333333333334
2,0.125,0.125,0.25
Decision Tree Classifier,max_depth= 18,0.3333333333333333,1.375,0.9027777777777778,0.2895238095238095,0.11282398548482621,0.04904747009277344
Fit,Precision,Recall,f1-score,support
0,0.33962264150943394,0.75,0.4675324675324676,24.0
1,0.23076923076923078,0.125,0.16216216216216217,24.0
2,0.5,0.125,0.2,24.0
accuracy,0.3333333333333333,0.3333333333333333,0.3333333333333333,0.3333333333333333
macro avg,0.3567972907595549,0.3333333333333333,0.27656487656487655,72.0
weighted avg,0.3567972907595549,0.3333333333333333,0.27656487656487655,72.0
First Row,Second Row,Third Row
0,18,19,16
1,5,3,5
2,1,2,3
First Row,Second Row,Third Row
0,0.75,0.7916666666666666,0.6666666666666666
1,0.20833333333333334,0.125,0.20833333333333334
2,0.041666666666666664,0.08333333333333333,0.125
Gaussian Naive Bayes Classifier,Gaussian,0.3194444444444444,1.5972222222222223,0.9861111111111112,0.33714285714285713,0.11965180018696692,0.007035017013549805
Fit,Precision,Recall,f1-score,support
0,0.3220338983050847,0.7916666666666666,0.4578313253012048,24.0
1,0.3333333333333333,0.125,0.18181818181818182,24.0
2,0.25,0.041666666666666664,0.07142857142857142,24.0
accuracy,0.3194444444444444,0.3194444444444444,0.3194444444444444,0.3194444444444444
macro avg,0.301789077212806,0.3194444444444444,0.23702602618265267,72.0
weighted avg,0.301789077212806,0.3194444444444444,0.23702602618265267,72.0
First Row,Second Row,Third Row
0,19,21,19
1,2,3,4
2,3,0,1
First Row,Second Row,Third Row
0,0.7916666666666666,0.875,0.7916666666666666
1,0.08333333333333333,0.125,0.16666666666666666
2,0.125,0.0,0.041666666666666664
K-Nearest Neighbor,k= 1 weight=uniform,0.4027777777777778,1.1388888888888888,0.7777777777777778,0.3447619047619047,0.13557971607298358,0.09599947929382324
Fit,Precision,Recall,f1-score,support
0,0.39285714285714285,0.4583333333333333,0.4230769230769231,24.0
1,0.375,0.375,0.375,24.0
2,0.45,0.375,0.4090909090909091,24.0
accuracy,0.4027777777777778,0.4027777777777778,0.4027777777777778,0.4027777777777778
macro avg,0.4059523809523809,0.40277777777777773,0.40238927738927743,72.0
weighted avg,0.405952380952381,0.4027777777777778,0.40238927738927743,72.0
First Row,Second Row,Third Row
0,11,10,7
1,7,9,8
2,6,5,9
First Row,Second Row,Third Row
0,0.4583333333333333,0.4166666666666667,0.2916666666666667
1,0.2916666666666667,0.375,0.3333333333333333
2,0.25,0.20833333333333334,0.375
K-Nearest Neighbor,k= 3 weight=uniform,0.3888888888888889,1.1527777777777777,0.7916666666666666,0.2628571428571428,0.045215533220835116,0.09400272369384766
Fit,Precision,Recall,f1-score,support
0,0.3939393939393939,0.5416666666666666,0.45614035087719296,24.0
1,0.34782608695652173,0.3333333333333333,0.3404255319148936,24.0
2,0.4375,0.2916666666666667,0.35000000000000003,24.0
accuracy,0.3888888888888889,0.3888888888888889,0.3888888888888889,0.3888888888888889
macro avg,0.39308849363197185,0.3888888888888889,0.3821886275973622,72.0
weighted avg,0.3930884936319719,0.3888888888888889,0.3821886275973621,72.0
First Row,Second Row,Third Row
0,13,11,9
1,7,8,8
2,4,5,7
First Row,Second Row,Third Row
0,0.5416666666666666,0.4583333333333333,0.375
1,0.2916666666666667,0.3333333333333333,0.3333333333333333
2,0.16666666666666666,0.20833333333333334,0.2916666666666667
K-Nearest Neighbor,k= 5 weight=uniform,0.3472222222222222,1.4444444444444444,0.9166666666666666,0.2647619047619047,0.08184937218996342,0.1060478687286377
Fit,Precision,Recall,f1-score,support
0,0.34285714285714286,0.5,0.4067796610169492,24.0
1,0.3888888888888889,0.2916666666666667,0.3333333333333333,24.0
2,0.3157894736842105,0.25,0.27906976744186046,24.0
accuracy,0.3472222222222222,0.3472222222222222,0.3472222222222222,0.3472222222222222
macro avg,0.3491785018100808,0.34722222222222227,0.33972758726404767,72.0
weighted avg,0.34917850181008075,0.3472222222222222,0.33972758726404767,72.0
First Row,Second Row,Third Row
0,12,11,12
1,5,7,6
2,7,6,6
First Row,Second Row,Third Row
0,0.5,0.4583333333333333,0.5
1,0.20833333333333334,0.2916666666666667,0.25
2,0.2916666666666667,0.25,0.25
K-Nearest Neighbor,k= 7 weight=uniform,0.3472222222222222,1.4861111111111112,0.9305555555555556,0.29333333333333333,0.10564991605252111,0.0930333137512207
Fit,Precision,Recall,f1-score,support
0,0.35135135135135137,0.5416666666666666,0.4262295081967213,24.0
1,0.4117647058823529,0.2916666666666667,0.34146341463414637,24.0
2,0.2777777777777778,0.20833333333333334,0.2380952380952381,24.0
accuracy,0.3472222222222222,0.3472222222222222,0.3472222222222222,0.3472222222222222
macro avg,0.3469646116704941,0.34722222222222215,0.3352627203087019,72.0
weighted avg,0.3469646116704941,0.3472222222222222,0.33526272030870197,72.0
First Row,Second Row,Third Row
0,13,11,13
1,4,7,6
2,7,6,5
First Row,Second Row,Third Row
0,0.5416666666666666,0.4583333333333333,0.5416666666666666
1,0.16666666666666666,0.2916666666666667,0.25
2,0.2916666666666667,0.25,0.20833333333333334
K-Nearest Neighbor,k= 9 weight=uniform,0.3333333333333333,1.5416666666666667,0.9583333333333334,0.33428571428571424,0.057174594361156704,0.09504532814025879
Fit,Precision,Recall,f1-score,support
0,0.3333333333333333,0.5833333333333334,0.4242424242424242,24.0
1,0.38461538461538464,0.20833333333333334,0.2702702702702703,24.0
2,0.29411764705882354,0.20833333333333334,0.24390243902439027,24.0
accuracy,0.3333333333333333,0.3333333333333333,0.3333333333333333,0.3333333333333333
macro avg,0.3373554550025138,0.3333333333333333,0.3128050445123616,72.0
weighted avg,0.33735545500251385,0.3333333333333333,0.3128050445123616,72.0
First Row,Second Row,Third Row
0,14,14,14
1,3,5,5
2,7,5,5
First Row,Second Row,Third Row
0,0.5833333333333334,0.5833333333333334,0.5833333333333334
1,0.125,0.20833333333333334,0.20833333333333334
2,0.2916666666666667,0.20833333333333334,0.20833333333333334
K-Nearest Neighbor,k= 1 weight=distance,0.4027777777777778,1.1388888888888888,0.7777777777777778,0.3447619047619047,0.13557971607298358,0.09903287887573242
Fit,Precision,Recall,f1-score,support
0,0.39285714285714285,0.4583333333333333,0.4230769230769231,24.0
1,0.375,0.375,0.375,24.0
2,0.45,0.375,0.4090909090909091,24.0
accuracy,0.4027777777777778,0.4027777777777778,0.4027777777777778,0.4027777777777778
macro avg,0.4059523809523809,0.40277777777777773,0.40238927738927743,72.0
weighted avg,0.405952380952381,0.4027777777777778,0.40238927738927743,72.0
First Row,Second Row,Third Row
0,11,10,7
1,7,9,8
2,6,5,9
First Row,Second Row,Third Row
0,0.4583333333333333,0.4166666666666667,0.2916666666666667
1,0.2916666666666667,0.375,0.3333333333333333
2,0.25,0.20833333333333334,0.375
K-Nearest Neighbor,k= 3 weight=distance,0.3888888888888889,1.1527777777777777,0.7916666666666666,0.30190476190476184,0.15705914075960406,0.1009974479675293
Fit,Precision,Recall,f1-score,support
0,0.4,0.5,0.4444444444444445,24.0
1,0.34782608695652173,0.3333333333333333,0.3404255319148936,24.0
2,0.42105263157894735,0.3333333333333333,0.372093023255814,24.0
accuracy,0.3888888888888889,0.3888888888888889,0.3888888888888889,0.3888888888888889
macro avg,0.38962623951182307,0.38888888888888884,0.38565433320505066,72.0
weighted avg,0.38962623951182307,0.3888888888888889,0.3856543332050507,72.0
First Row,Second Row,Third Row
0,12,10,8
1,7,8,8
2,5,6,8
First Row,Second Row,Third Row
0,0.5,0.4166666666666667,0.3333333333333333
1,0.2916666666666667,0.3333333333333333,0.3333333333333333
2,0.20833333333333334,0.25,0.3333333333333333
K-Nearest Neighbor,k= 5 weight=distance,0.3611111111111111,1.3055555555555556,0.8611111111111112,0.2761904761904762,0.1185322176512158,0.10204672813415527
Fit,Precision,Recall,f1-score,support
0,0.375,0.5,0.42857142857142855,24.0
1,0.36363636363636365,0.3333333333333333,0.34782608695652173,24.0
2,0.3333333333333333,0.25,0.28571428571428575,24.0
accuracy,0.3611111111111111,0.3611111111111111,0.3611111111111111,0.3611111111111111
macro avg,0.3573232323232323,0.3611111111111111,0.3540372670807454,72.0
weighted avg,0.3573232323232323,0.3611111111111111,0.35403726708074534,72.0
First Row,Second Row,Third Row
0,12,10,10
1,6,8,8
2,6,6,6
First Row,Second Row,Third Row
0,0.5,0.4166666666666667,0.4166666666666667
1,0.25,0.3333333333333333,0.3333333333333333
2,0.25,0.25,0.25
K-Nearest Neighbor,k= 7 weight=distance,0.3333333333333333,1.4583333333333333,0.9305555555555556,0.3038095238095238,0.08552359741197581,0.12996315956115723
Fit,Precision,Recall,f1-score,support
0,0.34285714285714286,0.5,0.4067796610169492,24.0
1,0.3684210526315789,0.2916666666666667,0.32558139534883723,24.0
2,0.2777777777777778,0.20833333333333334,0.2380952380952381,24.0
accuracy,0.3333333333333333,0.3333333333333333,0.3333333333333333,0.3333333333333333
macro avg,0.3296853244221665,0.3333333333333333,0.3234854314870082,72.0
weighted avg,0.3296853244221665,0.3333333333333333,0.3234854314870082,72.0
First Row,Second Row,Third Row
0,12,11,12
1,5,7,7
2,7,6,5
First Row,Second Row,Third Row
0,0.5,0.4583333333333333,0.5
1,0.20833333333333334,0.2916666666666667,0.2916666666666667
2,0.2916666666666667,0.25,0.20833333333333334
K-Nearest Neighbor,k= 9 weight=distance,0.3472222222222222,1.4444444444444444,0.9166666666666666,0.30476190476190473,0.09846900590905015,0.11202812194824219
Fit,Precision,Recall,f1-score,support
0,0.3333333333333333,0.5,0.4,24.0
1,0.3888888888888889,0.2916666666666667,0.3333333333333333,24.0
2,0.3333333333333333,0.25,0.28571428571428575,24.0
accuracy,0.3472222222222222,0.3472222222222222,0.3472222222222222,0.3472222222222222
macro avg,0.35185185185185186,0.34722222222222227,0.33968253968253975,72.0
weighted avg,0.35185185185185186,0.3472222222222222,0.3396825396825397,72.0
First Row,Second Row,Third Row
0,12,12,12
1,5,7,6
2,7,5,6
First Row,Second Row,Third Row
0,0.5,0.5,0.5
1,0.20833333333333334,0.2916666666666667,0.25
2,0.2916666666666667,0.20833333333333334,0.25
