name,subname,accuracy,rmse,mae,crossval_accuracy,crossval_accuracy_stnd_dev,timetotrain(fitting)
Support Vector Machine (SVC),Decision Function Shape: ovo,0.375,1.25,0.8333333333333334,0.36,0.08721438646432828,19.459392070770264
Fit,Precision,Recall,f1-score,support
0,0.38095238095238093,0.6666666666666666,0.4848484848484849,24.0
1,0.3125,0.20833333333333334,0.25,24.0
2,0.42857142857142855,0.25,0.3157894736842105,24.0
accuracy,0.375,0.375,0.375,0.375
macro avg,0.3740079365079365,0.375,0.3502126528442318,72.0
weighted avg,0.3740079365079365,0.375,0.3502126528442318,72.0
First Row,Second Row,Third Row
0,16,14,12
1,5,5,6
2,3,5,6
First Row,Second Row,Third Row
0,0.6666666666666666,0.5833333333333334,0.5
1,0.20833333333333334,0.20833333333333334,0.25
2,0.125,0.20833333333333334,0.25
Support Vector Machine (SVC),Decision Function Shape: ovr,0.375,1.25,0.8333333333333334,0.36,0.08721438646432828,18.619229793548584
Fit,Precision,Recall,f1-score,support
0,0.38095238095238093,0.6666666666666666,0.4848484848484849,24.0
1,0.3125,0.20833333333333334,0.25,24.0
2,0.42857142857142855,0.25,0.3157894736842105,24.0
accuracy,0.375,0.375,0.375,0.375
macro avg,0.3740079365079365,0.375,0.3502126528442318,72.0
weighted avg,0.3740079365079365,0.375,0.3502126528442318,72.0
First Row,Second Row,Third Row
0,16,14,12
1,5,5,6
2,3,5,6
First Row,Second Row,Third Row
0,0.6666666666666666,0.5833333333333334,0.5
1,0.20833333333333334,0.20833333333333334,0.25
2,0.125,0.20833333333333334,0.25
Support Vector Machine (LinearSVC),scheme: crammer_singer,0.3611111111111111,1.3055555555555556,0.8611111111111112,0.27714285714285714,0.059277585979411185,1.1459808349609375
Fit,Precision,Recall,f1-score,support
0,0.37777777777777777,0.7083333333333334,0.49275362318840576,24.0
1,0.3125,0.20833333333333334,0.25,24.0
2,0.36363636363636365,0.16666666666666666,0.2285714285714286,24.0
accuracy,0.3611111111111111,0.3611111111111111,0.3611111111111111,0.3611111111111111
macro avg,0.35130471380471384,0.36111111111111116,0.3237750172532781,72.0
weighted avg,0.3513047138047138,0.3611111111111111,0.32377501725327806,72.0
First Row,Second Row,Third Row
0,17,14,14
1,5,5,6
2,2,5,4
First Row,Second Row,Third Row
0,0.7083333333333334,0.5833333333333334,0.5833333333333334
1,0.20833333333333334,0.20833333333333334,0.25
2,0.08333333333333333,0.20833333333333334,0.16666666666666666
Support Vector Machine (LinearSVC),scheme: ovr,0.4027777777777778,1.0972222222222223,0.7638888888888888,0.3761904761904762,0.12620395255982814,2.7093732357025146
Fit,Precision,Recall,f1-score,support
0,0.42424242424242425,0.5833333333333334,0.4912280701754386,24.0
1,0.3333333333333333,0.2916666666666667,0.3111111111111111,24.0
2,0.4444444444444444,0.3333333333333333,0.380952380952381,24.0
accuracy,0.4027777777777778,0.4027777777777778,0.4027777777777778,0.4027777777777778
macro avg,0.4006734006734007,0.40277777777777773,0.3944305207463102,72.0
weighted avg,0.4006734006734006,0.4027777777777778,0.3944305207463103,72.0
First Row,Second Row,Third Row
0,14,11,8
1,6,7,8
2,4,6,8
First Row,Second Row,Third Row
0,0.5833333333333334,0.4583333333333333,0.3333333333333333
1,0.25,0.2916666666666667,0.3333333333333333
2,0.16666666666666666,0.25,0.3333333333333333
Decision Tree Classifier,max_depth= 4,0.3055555555555556,1.2777777777777777,0.8888888888888888,0.19333333333333333,0.0991391518451284,0.016997814178466797
Fit,Precision,Recall,f1-score,support
0,0.3,0.5,0.37499999999999994,24.0
1,0.2692307692307692,0.2916666666666667,0.27999999999999997,24.0
2,0.5,0.125,0.2,24.0
accuracy,0.3055555555555556,0.3055555555555556,0.3055555555555556,0.3055555555555556
macro avg,0.3564102564102564,0.3055555555555556,0.285,72.0
weighted avg,0.3564102564102564,0.3055555555555556,0.2849999999999999,72.0
First Row,Second Row,Third Row
0,12,16,12
1,10,7,9
2,2,1,3
First Row,Second Row,Third Row
0,0.5,0.6666666666666666,0.5
1,0.4166666666666667,0.2916666666666667,0.375
2,0.08333333333333333,0.041666666666666664,0.125
Decision Tree Classifier,max_depth= 6,0.3472222222222222,1.4027777777777777,0.9027777777777778,0.19333333333333333,0.0468122122950267,0.021998882293701172
Fit,Precision,Recall,f1-score,support
0,0.35294117647058826,0.75,0.48,24.0
1,0.3333333333333333,0.20833333333333334,0.25641025641025644,24.0
2,0.3333333333333333,0.08333333333333333,0.13333333333333333,24.0
accuracy,0.3472222222222222,0.3472222222222222,0.3472222222222222,0.3472222222222222
macro avg,0.3398692810457516,0.34722222222222227,0.2899145299145299,72.0
weighted avg,0.3398692810457516,0.3472222222222222,0.28991452991452993,72.0
First Row,Second Row,Third Row
0,18,17,16
1,4,5,6
2,2,2,2
First Row,Second Row,Third Row
0,0.75,0.7083333333333334,0.6666666666666666
1,0.16666666666666666,0.20833333333333334,0.25
2,0.08333333333333333,0.08333333333333333,0.08333333333333333
Decision Tree Classifier,max_depth= 8,0.3333333333333333,1.5833333333333333,0.9722222222222222,0.19238095238095237,0.06065403172605965,0.028996944427490234
Fit,Precision,Recall,f1-score,support
0,0.3333333333333333,0.8333333333333334,0.47619047619047616,24.0
1,0.3333333333333333,0.08333333333333333,0.13333333333333333,24.0
2,0.3333333333333333,0.08333333333333333,0.13333333333333333,24.0
accuracy,0.3333333333333333,0.3333333333333333,0.3333333333333333,0.3333333333333333
macro avg,0.3333333333333333,0.3333333333333333,0.2476190476190476,72.0
weighted avg,0.3333333333333333,0.3333333333333333,0.24761904761904757,72.0
First Row,Second Row,Third Row
0,20,20,20
1,2,2,2
2,2,2,2
First Row,Second Row,Third Row
0,0.8333333333333334,0.8333333333333334,0.8333333333333334
1,0.08333333333333333,0.08333333333333333,0.08333333333333333
2,0.08333333333333333,0.08333333333333333,0.08333333333333333
Decision Tree Classifier,max_depth= 10,0.3472222222222222,1.4444444444444444,0.9166666666666666,0.19238095238095237,0.06065403172605965,0.033579111099243164
Fit,Precision,Recall,f1-score,support
0,0.35185185185185186,0.7916666666666666,0.48717948717948717,24.0
1,0.3333333333333333,0.16666666666666666,0.2222222222222222,24.0
2,0.3333333333333333,0.08333333333333333,0.13333333333333333,24.0
accuracy,0.3472222222222222,0.3472222222222222,0.3472222222222222,0.3472222222222222
macro avg,0.3395061728395061,0.34722222222222215,0.2809116809116809,72.0
weighted avg,0.3395061728395061,0.3472222222222222,0.2809116809116809,72.0
First Row,Second Row,Third Row
0,19,18,17
1,3,4,5
2,2,2,2
First Row,Second Row,Third Row
0,0.7916666666666666,0.75,0.7083333333333334
1,0.125,0.16666666666666666,0.20833333333333334
2,0.08333333333333333,0.08333333333333333,0.08333333333333333
Decision Tree Classifier,max_depth= 12,0.3194444444444444,1.5555555555555556,0.9722222222222222,0.19238095238095237,0.06065403172605965,0.041716575622558594
Fit,Precision,Recall,f1-score,support
0,0.3269230769230769,0.7083333333333334,0.4473684210526316,24.0
1,0.3333333333333333,0.16666666666666666,0.2222222222222222,24.0
2,0.25,0.08333333333333333,0.125,24.0
accuracy,0.3194444444444444,0.3194444444444444,0.3194444444444444,0.3194444444444444
macro avg,0.3034188034188034,0.3194444444444445,0.2648635477582846,72.0
weighted avg,0.30341880341880345,0.3194444444444444,0.2648635477582846,72.0
First Row,Second Row,Third Row
0,17,18,17
1,3,4,5
2,4,2,2
First Row,Second Row,Third Row
0,0.7083333333333334,0.75,0.7083333333333334
1,0.125,0.16666666666666666,0.20833333333333334
2,0.16666666666666666,0.08333333333333333,0.08333333333333333
Decision Tree Classifier,max_depth= 14,0.3055555555555556,1.5277777777777777,0.9722222222222222,0.19238095238095237,0.06065403172605965,0.04778861999511719
Fit,Precision,Recall,f1-score,support
0,0.32,0.6666666666666666,0.43243243243243246,24.0
1,0.2857142857142857,0.16666666666666666,0.2105263157894737,24.0
2,0.25,0.08333333333333333,0.125,24.0
accuracy,0.3055555555555556,0.3055555555555556,0.3055555555555556,0.3055555555555556
macro avg,0.28523809523809524,0.3055555555555555,0.255986249407302,72.0
weighted avg,0.28523809523809524,0.3055555555555556,0.2559862494073021,72.0
First Row,Second Row,Third Row
0,16,17,17
1,5,4,5
2,3,3,2
First Row,Second Row,Third Row
0,0.6666666666666666,0.7083333333333334,0.7083333333333334
1,0.20833333333333334,0.16666666666666666,0.20833333333333334
2,0.125,0.125,0.08333333333333333
Decision Tree Classifier,max_depth= 16,0.3055555555555556,1.4861111111111112,0.9583333333333334,0.19238095238095237,0.06065403172605965,0.047997236251831055
Fit,Precision,Recall,f1-score,support
0,0.3333333333333333,0.625,0.43478260869565216,24.0
1,0.26666666666666666,0.16666666666666666,0.2051282051282051,24.0
2,0.25,0.125,0.16666666666666666,24.0
accuracy,0.3055555555555556,0.3055555555555556,0.3055555555555556,0.3055555555555556
macro avg,0.2833333333333333,0.3055555555555555,0.26885916016350797,72.0
weighted avg,0.2833333333333333,0.3055555555555556,0.26885916016350797,72.0
First Row,Second Row,Third Row
0,15,15,15
1,5,4,6
2,4,5,3
First Row,Second Row,Third Row
0,0.625,0.625,0.625
1,0.20833333333333334,0.16666666666666666,0.25
2,0.16666666666666666,0.20833333333333334,0.125
Decision Tree Classifier,max_depth= 18,0.2916666666666667,1.625,1.0138888888888888,0.19238095238095237,0.06065403172605965,0.04900240898132324
Fit,Precision,Recall,f1-score,support
0,0.32653061224489793,0.6666666666666666,0.43835616438356156,24.0
1,0.2222222222222222,0.08333333333333333,0.12121212121212122,24.0
2,0.21428571428571427,0.125,0.15789473684210525,24.0
accuracy,0.2916666666666667,0.2916666666666667,0.2916666666666667,0.2916666666666667
macro avg,0.2543461829176115,0.2916666666666667,0.239154340812596,72.0
weighted avg,0.25434618291761146,0.2916666666666667,0.239154340812596,72.0
First Row,Second Row,Third Row
0,16,17,16
1,2,2,5
2,6,5,3
First Row,Second Row,Third Row
0,0.6666666666666666,0.7083333333333334,0.6666666666666666
1,0.08333333333333333,0.08333333333333333,0.20833333333333334
2,0.25,0.20833333333333334,0.125
Gaussian Naive Bayes Classifier,Gaussian,0.3472222222222222,1.4861111111111112,0.9305555555555556,0.27904761904761904,0.11931778867326343,0.009001731872558594
Fit,Precision,Recall,f1-score,support
0,0.3559322033898305,0.875,0.5060240963855422,24.0
1,0.3333333333333333,0.125,0.18181818181818182,24.0
2,0.25,0.041666666666666664,0.07142857142857142,24.0
accuracy,0.3472222222222222,0.3472222222222222,0.3472222222222222,0.3472222222222222
macro avg,0.3130885122410546,0.34722222222222227,0.25309028321076515,72.0
weighted avg,0.3130885122410546,0.3472222222222222,0.25309028321076515,72.0
First Row,Second Row,Third Row
0,21,19,19
1,2,3,4
2,1,2,1
First Row,Second Row,Third Row
0,0.875,0.7916666666666666,0.7916666666666666
1,0.08333333333333333,0.125,0.16666666666666666
2,0.041666666666666664,0.08333333333333333,0.041666666666666664
K-Nearest Neighbor,k= 1 weight=uniform,0.25,1.5833333333333333,1.0277777777777777,0.19428571428571428,0.0691641053537726,0.09802889823913574
Fit,Precision,Recall,f1-score,support
0,0.21428571428571427,0.25,0.23076923076923075,24.0
1,0.2916666666666667,0.2916666666666667,0.2916666666666667,24.0
2,0.25,0.20833333333333334,0.22727272727272727,24.0
accuracy,0.25,0.25,0.25,0.25
macro avg,0.251984126984127,0.25000000000000006,0.2499028749028749,72.0
weighted avg,0.251984126984127,0.25,0.2499028749028749,72.0
First Row,Second Row,Third Row
0,6,10,12
1,10,7,7
2,8,7,5
First Row,Second Row,Third Row
0,0.25,0.4166666666666667,0.5
1,0.4166666666666667,0.2916666666666667,0.2916666666666667
2,0.3333333333333333,0.2916666666666667,0.20833333333333334
K-Nearest Neighbor,k= 3 weight=uniform,0.3194444444444444,1.5138888888888888,0.9583333333333334,0.2647619047619047,0.08184937218996342,0.10611701011657715
Fit,Precision,Recall,f1-score,support
0,0.2727272727272727,0.375,0.3157894736842105,24.0
1,0.391304347826087,0.375,0.3829787234042554,24.0
2,0.3125,0.20833333333333334,0.25,24.0
accuracy,0.3194444444444444,0.3194444444444444,0.3194444444444444,0.3194444444444444
macro avg,0.3255105401844532,0.3194444444444445,0.3162560656961553,72.0
weighted avg,0.32551054018445325,0.3194444444444444,0.3162560656961553,72.0
First Row,Second Row,Third Row
0,9,10,14
1,9,9,5
2,6,5,5
First Row,Second Row,Third Row
0,0.375,0.4166666666666667,0.5833333333333334
1,0.375,0.375,0.20833333333333334
2,0.25,0.20833333333333334,0.20833333333333334
K-Nearest Neighbor,k= 5 weight=uniform,0.3055555555555556,1.5277777777777777,0.9722222222222222,0.26476190476190475,0.056069280112514386,0.24211859703063965
Fit,Precision,Recall,f1-score,support
0,0.2857142857142857,0.4166666666666667,0.3389830508474576,24.0
1,0.3333333333333333,0.25,0.28571428571428575,24.0
2,0.3157894736842105,0.25,0.27906976744186046,24.0
accuracy,0.3055555555555556,0.3055555555555556,0.3055555555555556,0.3055555555555556
macro avg,0.3116123642439432,0.3055555555555556,0.30125570133453466,72.0
weighted avg,0.3116123642439432,0.3055555555555556,0.3012557013345346,72.0
First Row,Second Row,Third Row
0,10,12,13
1,7,6,5
2,7,6,6
First Row,Second Row,Third Row
0,0.4166666666666667,0.5,0.5416666666666666
1,0.2916666666666667,0.25,0.20833333333333334
2,0.2916666666666667,0.25,0.25
K-Nearest Neighbor,k= 7 weight=uniform,0.3055555555555556,1.4861111111111112,0.9583333333333334,0.29142857142857137,0.02221315007560114,0.13800334930419922
Fit,Precision,Recall,f1-score,support
0,0.2972972972972973,0.4583333333333333,0.36065573770491804,24.0
1,0.29411764705882354,0.20833333333333334,0.24390243902439027,24.0
2,0.3333333333333333,0.25,0.28571428571428575,24.0
accuracy,0.3055555555555556,0.3055555555555556,0.3055555555555556,0.3055555555555556
macro avg,0.30824942589648474,0.3055555555555555,0.296757487481198,72.0
weighted avg,0.3082494258964847,0.3055555555555556,0.296757487481198,72.0
First Row,Second Row,Third Row
0,11,14,12
1,6,5,6
2,7,5,6
First Row,Second Row,Third Row
0,0.4583333333333333,0.5833333333333334,0.5
1,0.25,0.20833333333333334,0.25
2,0.2916666666666667,0.20833333333333334,0.25
K-Nearest Neighbor,k= 9 weight=uniform,0.3055555555555556,1.5694444444444444,0.9861111111111112,0.3476190476190476,0.06288599626369211,0.09799885749816895
Fit,Precision,Recall,f1-score,support
0,0.30952380952380953,0.5416666666666666,0.3939393939393939,24.0
1,0.3076923076923077,0.16666666666666666,0.21621621621621623,24.0
2,0.29411764705882354,0.20833333333333334,0.24390243902439027,24.0
accuracy,0.3055555555555556,0.3055555555555556,0.3055555555555556,0.3055555555555556
macro avg,0.3037779214249803,0.3055555555555555,0.28468601639333346,72.0
weighted avg,0.3037779214249803,0.3055555555555556,0.28468601639333346,72.0
First Row,Second Row,Third Row
0,13,15,14
1,4,4,5
2,7,5,5
First Row,Second Row,Third Row
0,0.5416666666666666,0.625,0.5833333333333334
1,0.16666666666666666,0.16666666666666666,0.20833333333333334
2,0.2916666666666667,0.20833333333333334,0.20833333333333334
K-Nearest Neighbor,k= 1 weight=distance,0.25,1.5833333333333333,1.0277777777777777,0.19428571428571428,0.0691641053537726,0.08829903602600098
Fit,Precision,Recall,f1-score,support
0,0.21428571428571427,0.25,0.23076923076923075,24.0
1,0.2916666666666667,0.2916666666666667,0.2916666666666667,24.0
2,0.25,0.20833333333333334,0.22727272727272727,24.0
accuracy,0.25,0.25,0.25,0.25
macro avg,0.251984126984127,0.25000000000000006,0.2499028749028749,72.0
weighted avg,0.251984126984127,0.25,0.2499028749028749,72.0
First Row,Second Row,Third Row
0,6,10,12
1,10,7,7
2,8,7,5
First Row,Second Row,Third Row
0,0.25,0.4166666666666667,0.5
1,0.4166666666666667,0.2916666666666667,0.2916666666666667
2,0.3333333333333333,0.2916666666666667,0.20833333333333334
K-Nearest Neighbor,k= 3 weight=distance,0.3194444444444444,1.5138888888888888,0.9583333333333334,0.22285714285714286,0.055402055513329475,0.09472346305847168
Fit,Precision,Recall,f1-score,support
0,0.26666666666666666,0.3333333333333333,0.2962962962962963,24.0
1,0.391304347826087,0.375,0.3829787234042554,24.0
2,0.3157894736842105,0.25,0.27906976744186046,24.0
accuracy,0.3194444444444444,0.3194444444444444,0.3194444444444444,0.3194444444444444
macro avg,0.32458682939232136,0.3194444444444444,0.3194482623808041,72.0
weighted avg,0.32458682939232136,0.3194444444444444,0.319448262380804,72.0
First Row,Second Row,Third Row
0,8,9,13
1,9,9,5
2,7,6,6
First Row,Second Row,Third Row
0,0.3333333333333333,0.375,0.5416666666666666
1,0.375,0.375,0.20833333333333334
2,0.2916666666666667,0.25,0.25
K-Nearest Neighbor,k= 5 weight=distance,0.3055555555555556,1.5277777777777777,0.9722222222222222,0.19523809523809524,0.055040698197332906,0.08533906936645508
Fit,Precision,Recall,f1-score,support
0,0.25,0.3333333333333333,0.28571428571428575,24.0
1,0.36363636363636365,0.3333333333333333,0.34782608695652173,24.0
2,0.3333333333333333,0.25,0.28571428571428575,24.0
accuracy,0.3055555555555556,0.3055555555555556,0.3055555555555556,0.3055555555555556
macro avg,0.3156565656565657,0.3055555555555555,0.3064182194616978,72.0
weighted avg,0.31565656565656564,0.3055555555555556,0.3064182194616978,72.0
First Row,Second Row,Third Row
0,8,11,13
1,9,8,5
2,7,5,6
First Row,Second Row,Third Row
0,0.3333333333333333,0.4583333333333333,0.5416666666666666
1,0.375,0.3333333333333333,0.20833333333333334
2,0.2916666666666667,0.20833333333333334,0.25
K-Nearest Neighbor,k= 7 weight=distance,0.3055555555555556,1.4861111111111112,0.9583333333333334,0.22095238095238093,0.06414269805898186,0.08702850341796875
Fit,Precision,Recall,f1-score,support
0,0.2857142857142857,0.4166666666666667,0.3389830508474576,24.0
1,0.3157894736842105,0.25,0.27906976744186046,24.0
2,0.3333333333333333,0.25,0.28571428571428575,24.0
accuracy,0.3055555555555556,0.3055555555555556,0.3055555555555556,0.3055555555555556
macro avg,0.3116123642439432,0.3055555555555556,0.30125570133453466,72.0
weighted avg,0.3116123642439432,0.3055555555555556,0.3012557013345346,72.0
First Row,Second Row,Third Row
0,10,13,12
1,7,6,6
2,7,5,6
First Row,Second Row,Third Row
0,0.4166666666666667,0.5416666666666666,0.5
1,0.2916666666666667,0.25,0.25
2,0.2916666666666667,0.20833333333333334,0.25
K-Nearest Neighbor,k= 9 weight=distance,0.2777777777777778,1.6388888888888888,1.0277777777777777,0.2352380952380952,0.05195497789327945,0.10800051689147949
Fit,Precision,Recall,f1-score,support
0,0.25,0.375,0.3,24.0
1,0.3333333333333333,0.25,0.28571428571428575,24.0
2,0.2777777777777778,0.20833333333333334,0.2380952380952381,24.0
accuracy,0.2777777777777778,0.2777777777777778,0.2777777777777778,0.2777777777777778
macro avg,0.28703703703703703,0.2777777777777778,0.2746031746031746,72.0
weighted avg,0.28703703703703703,0.2777777777777778,0.2746031746031746,72.0
First Row,Second Row,Third Row
0,9,13,14
1,7,6,5
2,8,5,5
First Row,Second Row,Third Row
0,0.375,0.5416666666666666,0.5833333333333334
1,0.2916666666666667,0.25,0.20833333333333334
2,0.3333333333333333,0.20833333333333334,0.20833333333333334
