name,subname,accuracy,rmse,mae,crossval_accuracy,crossval_accuracy_stnd_dev,timetotrain(fitting)
Support Vector Machine (SVC),Decision Function Shape: ovo,0.3333333333333333,1.4166666666666667,0.9166666666666666,[0.4        0.13333333 0.21428571 0.35714286 0.35714286],0.10135588721438867,21.288012981414795
Fit,Precision,Recall,f1-score,support
0,0.3333333333333333,0.5833333333333334,0.4242424242424242,24.0
1,0.3125,0.20833333333333334,0.25,24.0
2,0.35714285714285715,0.20833333333333334,0.2631578947368421,24.0
accuracy,0.3333333333333333,0.3333333333333333,0.3333333333333333,0.3333333333333333
macro avg,0.3343253968253968,0.3333333333333333,0.3124667729930888,72.0
weighted avg,0.3343253968253968,0.3333333333333333,0.3124667729930888,72.0
First Row,Second Row,Third Row
0,14,14,14
1,6,5,5
2,4,5,5
First Row,Second Row,Third Row
0,0.5833333333333334,0.5833333333333334,0.5833333333333334
1,0.25,0.20833333333333334,0.20833333333333334
2,0.16666666666666666,0.20833333333333334,0.20833333333333334
Support Vector Machine (SVC),Decision Function Shape: ovr,0.3333333333333333,1.4166666666666667,0.9166666666666666,[0.4        0.13333333 0.21428571 0.35714286 0.35714286],0.10135588721438867,20.44408392906189
Fit,Precision,Recall,f1-score,support
0,0.3333333333333333,0.5833333333333334,0.4242424242424242,24.0
1,0.3125,0.20833333333333334,0.25,24.0
2,0.35714285714285715,0.20833333333333334,0.2631578947368421,24.0
accuracy,0.3333333333333333,0.3333333333333333,0.3333333333333333,0.3333333333333333
macro avg,0.3343253968253968,0.3333333333333333,0.3124667729930888,72.0
weighted avg,0.3343253968253968,0.3333333333333333,0.3124667729930888,72.0
First Row,Second Row,Third Row
0,14,14,14
1,6,5,5
2,4,5,5
First Row,Second Row,Third Row
0,0.5833333333333334,0.5833333333333334,0.5833333333333334
1,0.25,0.20833333333333334,0.20833333333333334
2,0.16666666666666666,0.20833333333333334,0.20833333333333334
Support Vector Machine (LinearSVC),scheme: crammer_singer,0.3472222222222222,1.3611111111111112,0.8888888888888888,[0.33333333 0.13333333 0.14285714 0.42857143 0.28571429],0.11323324912534742,1.1470444202423096
Fit,Precision,Recall,f1-score,support
0,0.35555555555555557,0.6666666666666666,0.46376811594202905,24.0
1,0.3125,0.20833333333333334,0.25,24.0
2,0.36363636363636365,0.16666666666666666,0.2285714285714286,24.0
accuracy,0.3472222222222222,0.3472222222222222,0.3472222222222222,0.3472222222222222
macro avg,0.3438973063973065,0.34722222222222227,0.3141131815044859,72.0
weighted avg,0.34389730639730637,0.3472222222222222,0.31411318150448586,72.0
First Row,Second Row,Third Row
0,16,14,15
1,6,5,5
2,2,5,4
First Row,Second Row,Third Row
0,0.6666666666666666,0.5833333333333334,0.625
1,0.25,0.20833333333333334,0.20833333333333334
2,0.08333333333333333,0.20833333333333334,0.16666666666666666
Support Vector Machine (LinearSVC),scheme: ovr,0.2916666666666667,1.375,0.9305555555555556,[0.33333333 0.13333333 0.21428571 0.42857143 0.21428571],0.10383136511166739,2.8453617095947266
Fit,Precision,Recall,f1-score,support
0,0.3333333333333333,0.4583333333333333,0.38596491228070173,24.0
1,0.23809523809523808,0.20833333333333334,0.22222222222222224,24.0
2,0.2777777777777778,0.20833333333333334,0.2380952380952381,24.0
accuracy,0.2916666666666667,0.2916666666666667,0.2916666666666667,0.2916666666666667
macro avg,0.2830687830687831,0.2916666666666667,0.28209412419938734,72.0
weighted avg,0.283068783068783,0.2916666666666667,0.28209412419938734,72.0
First Row,Second Row,Third Row
0,11,10,12
1,9,5,7
2,4,9,5
First Row,Second Row,Third Row
0,0.4583333333333333,0.4166666666666667,0.5
1,0.375,0.20833333333333334,0.2916666666666667
2,0.16666666666666666,0.375,0.20833333333333334
Decision Tree Classifier,max_depth= 4,0.2916666666666667,1.3333333333333333,0.9166666666666666,0.32285714285714284,0.16965751816346883,0.018047809600830078
Fit,Precision,Recall,f1-score,support
0,0.3,0.5,0.37499999999999994,24.0
1,0.2692307692307692,0.2916666666666667,0.27999999999999997,24.0
2,0.3333333333333333,0.08333333333333333,0.13333333333333333,24.0
accuracy,0.2916666666666667,0.2916666666666667,0.2916666666666667,0.2916666666666667
macro avg,0.30085470085470084,0.2916666666666667,0.2627777777777777,72.0
weighted avg,0.3008547008547009,0.2916666666666667,0.2627777777777778,72.0
First Row,Second Row,Third Row
0,12,14,14
1,11,7,8
2,1,3,2
First Row,Second Row,Third Row
0,0.5,0.5833333333333334,0.5833333333333334
1,0.4583333333333333,0.2916666666666667,0.3333333333333333
2,0.041666666666666664,0.125,0.08333333333333333
Decision Tree Classifier,max_depth= 6,0.2916666666666667,1.5416666666666667,0.9861111111111112,0.3495238095238095,0.1112126520152,0.02304816246032715
Fit,Precision,Recall,f1-score,support
0,0.29411764705882354,0.625,0.4,24.0
1,0.26666666666666666,0.16666666666666666,0.2051282051282051,24.0
2,0.3333333333333333,0.08333333333333333,0.13333333333333333,24.0
accuracy,0.2916666666666667,0.2916666666666667,0.2916666666666667,0.2916666666666667
macro avg,0.2980392156862745,0.2916666666666667,0.24615384615384614,72.0
weighted avg,0.29803921568627456,0.2916666666666667,0.24615384615384617,72.0
First Row,Second Row,Third Row
0,15,18,18
1,7,4,4
2,2,2,2
First Row,Second Row,Third Row
0,0.625,0.75,0.75
1,0.2916666666666667,0.16666666666666666,0.16666666666666666
2,0.08333333333333333,0.08333333333333333,0.08333333333333333
Decision Tree Classifier,max_depth= 8,0.3472222222222222,1.4444444444444444,0.9166666666666666,0.3780952380952381,0.12676330005314163,0.02800774574279785
Fit,Precision,Recall,f1-score,support
0,0.36666666666666664,0.9166666666666666,0.5238095238095238,24.0
1,0.16666666666666666,0.041666666666666664,0.06666666666666667,24.0
2,0.3333333333333333,0.08333333333333333,0.13333333333333333,24.0
accuracy,0.3472222222222222,0.3472222222222222,0.3472222222222222,0.3472222222222222
macro avg,0.2888888888888889,0.34722222222222215,0.24126984126984127,72.0
weighted avg,0.28888888888888886,0.3472222222222222,0.2412698412698413,72.0
First Row,Second Row,Third Row
0,22,21,17
1,0,1,5
2,2,2,2
First Row,Second Row,Third Row
0,0.9166666666666666,0.875,0.7083333333333334
1,0.0,0.041666666666666664,0.20833333333333334
2,0.08333333333333333,0.08333333333333333,0.08333333333333333
Decision Tree Classifier,max_depth= 10,0.3194444444444444,1.3888888888888888,0.9166666666666666,0.3638095238095238,0.12427020519910136,0.03400015830993652
Fit,Precision,Recall,f1-score,support
0,0.35185185185185186,0.7916666666666666,0.48717948717948717,24.0
1,0.16666666666666666,0.08333333333333333,0.1111111111111111,24.0
2,0.3333333333333333,0.08333333333333333,0.13333333333333333,24.0
accuracy,0.3194444444444444,0.3194444444444444,0.3194444444444444,0.3194444444444444
macro avg,0.2839506172839506,0.3194444444444445,0.24387464387464386,72.0
weighted avg,0.2839506172839506,0.3194444444444444,0.24387464387464386,72.0
First Row,Second Row,Third Row
0,19,20,15
1,3,2,7
2,2,2,2
First Row,Second Row,Third Row
0,0.7916666666666666,0.8333333333333334,0.625
1,0.125,0.08333333333333333,0.2916666666666667
2,0.08333333333333333,0.08333333333333333,0.08333333333333333
Decision Tree Classifier,max_depth= 12,0.3194444444444444,1.3888888888888888,0.9166666666666666,0.3638095238095238,0.12427020519910136,0.039014577865600586
Fit,Precision,Recall,f1-score,support
0,0.36538461538461536,0.7916666666666666,0.5,24.0
1,0.16666666666666666,0.08333333333333333,0.1111111111111111,24.0
2,0.25,0.08333333333333333,0.125,24.0
accuracy,0.3194444444444444,0.3194444444444444,0.3194444444444444,0.3194444444444444
macro avg,0.2606837606837607,0.3194444444444445,0.24537037037037038,72.0
weighted avg,0.26068376068376065,0.3194444444444444,0.24537037037037035,72.0
First Row,Second Row,Third Row
0,19,18,15
1,3,2,7
2,2,4,2
First Row,Second Row,Third Row
0,0.7916666666666666,0.75,0.625
1,0.125,0.08333333333333333,0.2916666666666667
2,0.08333333333333333,0.16666666666666666,0.08333333333333333
Decision Tree Classifier,max_depth= 14,0.3611111111111111,1.3055555555555556,0.8611111111111112,0.3638095238095238,0.12427020519910136,0.04196643829345703
Fit,Precision,Recall,f1-score,support
0,0.37735849056603776,0.8333333333333334,0.5194805194805195,24.0
1,0.2857142857142857,0.16666666666666666,0.2105263157894737,24.0
2,0.4,0.08333333333333333,0.13793103448275862,24.0
accuracy,0.3611111111111111,0.3611111111111111,0.3611111111111111,0.3611111111111111
macro avg,0.3543575920934412,0.3611111111111111,0.2893126232509173,72.0
weighted avg,0.3543575920934412,0.3611111111111111,0.2893126232509173,72.0
First Row,Second Row,Third Row
0,20,18,15
1,3,4,7
2,1,2,2
First Row,Second Row,Third Row
0,0.8333333333333334,0.75,0.625
1,0.125,0.16666666666666666,0.2916666666666667
2,0.041666666666666664,0.08333333333333333,0.08333333333333333
Decision Tree Classifier,max_depth= 16,0.3888888888888889,1.2361111111111112,0.8194444444444444,0.3780952380952381,0.12676330005314163,0.04606461524963379
Fit,Precision,Recall,f1-score,support
0,0.4222222222222222,0.7916666666666666,0.5507246376811594,24.0
1,0.3333333333333333,0.20833333333333334,0.25641025641025644,24.0
2,0.3333333333333333,0.16666666666666666,0.2222222222222222,24.0
accuracy,0.3888888888888889,0.3888888888888889,0.3888888888888889,0.3888888888888889
macro avg,0.36296296296296293,0.3888888888888889,0.34311903877121264,72.0
weighted avg,0.36296296296296293,0.3888888888888889,0.3431190387712127,72.0
First Row,Second Row,Third Row
0,19,13,13
1,3,5,7
2,2,6,4
First Row,Second Row,Third Row
0,0.7916666666666666,0.5416666666666666,0.5416666666666666
1,0.125,0.20833333333333334,0.2916666666666667
2,0.08333333333333333,0.25,0.16666666666666666
Decision Tree Classifier,max_depth= 18,0.375,1.375,0.875,0.3638095238095238,0.12427020519910136,0.04904890060424805
Fit,Precision,Recall,f1-score,support
0,0.38461538461538464,0.8333333333333334,0.5263157894736842,24.0
1,0.38461538461538464,0.20833333333333334,0.2702702702702703,24.0
2,0.2857142857142857,0.08333333333333333,0.12903225806451613,24.0
accuracy,0.375,0.375,0.375,0.375
macro avg,0.3516483516483517,0.375,0.3085394392694902,72.0
weighted avg,0.3516483516483517,0.375,0.30853943926949023,72.0
First Row,Second Row,Third Row
0,20,15,17
1,3,5,5
2,1,4,2
First Row,Second Row,Third Row
0,0.8333333333333334,0.625,0.7083333333333334
1,0.125,0.20833333333333334,0.20833333333333334
2,0.041666666666666664,0.16666666666666666,0.08333333333333333
Naive Bayes Classifier,N/A,0.3194444444444444,1.5138888888888888,0.9583333333333334,0.3352380952380952,0.13816418640019604,0.006001949310302734
Fit,Precision,Recall,f1-score,support
0,0.3389830508474576,0.8333333333333334,0.48192771084337344,24.0
1,0.2222222222222222,0.08333333333333333,0.12121212121212122,24.0
2,0.25,0.041666666666666664,0.07142857142857142,24.0
accuracy,0.3194444444444444,0.3194444444444444,0.3194444444444444,0.3194444444444444
macro avg,0.2704017576898933,0.3194444444444445,0.22485613449468866,72.0
weighted avg,0.2704017576898933,0.3194444444444444,0.22485613449468872,72.0
First Row,Second Row,Third Row
0,20,20,19
1,3,2,4
2,1,2,1
First Row,Second Row,Third Row
0,0.8333333333333334,0.8333333333333334,0.7916666666666666
1,0.125,0.08333333333333333,0.16666666666666666
2,0.041666666666666664,0.08333333333333333,0.041666666666666664
K-Nearest Neighbor,k= 1,0.4027777777777778,1.2222222222222223,0.8055555555555556,0.33428571428571435,0.08261047025600547,0.09999728202819824
Fit,Precision,Recall,f1-score,support
0,0.4642857142857143,0.5416666666666666,0.5,24.0
1,0.4166666666666667,0.4166666666666667,0.4166666666666667,24.0
2,0.3,0.25,0.2727272727272727,24.0
accuracy,0.4027777777777778,0.4027777777777778,0.4027777777777778,0.4027777777777778
macro avg,0.39365079365079364,0.40277777777777773,0.39646464646464646,72.0
weighted avg,0.39365079365079364,0.4027777777777778,0.39646464646464646,72.0
First Row,Second Row,Third Row
0,13,6,9
1,5,10,9
2,6,8,6
First Row,Second Row,Third Row
0,0.5416666666666666,0.25,0.375
1,0.20833333333333334,0.4166666666666667,0.375
2,0.25,0.3333333333333333,0.25
K-Nearest Neighbor,k= 3,0.4305555555555556,1.0694444444444444,0.7361111111111112,0.31999999999999995,0.15737068621512265,0.1009974479675293
Fit,Precision,Recall,f1-score,support
0,0.48484848484848486,0.6666666666666666,0.5614035087719298,24.0
1,0.391304347826087,0.375,0.3829787234042554,24.0
2,0.375,0.25,0.3,24.0
accuracy,0.4305555555555556,0.4305555555555556,0.4305555555555556,0.4305555555555556
macro avg,0.4170509442248573,0.4305555555555555,0.41479407739206176,72.0
weighted avg,0.41705094422485733,0.4305555555555556,0.4147940773920617,72.0
First Row,Second Row,Third Row
0,16,8,9
1,5,9,9
2,3,7,6
First Row,Second Row,Third Row
0,0.6666666666666666,0.3333333333333333,0.375
1,0.20833333333333334,0.375,0.375
2,0.125,0.2916666666666667,0.25
K-Nearest Neighbor,k= 5,0.375,1.3333333333333333,0.8611111111111112,0.30666666666666664,0.1081109701159435,0.11600089073181152
Fit,Precision,Recall,f1-score,support
0,0.4,0.5833333333333334,0.4745762711864407,24.0
1,0.3888888888888889,0.2916666666666667,0.3333333333333333,24.0
2,0.3157894736842105,0.25,0.27906976744186046,24.0
accuracy,0.375,0.375,0.375,0.375
macro avg,0.3682261208576998,0.375,0.36232645732054486,72.0
weighted avg,0.36822612085769985,0.375,0.36232645732054475,72.0
First Row,Second Row,Third Row
0,14,8,13
1,6,7,5
2,4,9,6
First Row,Second Row,Third Row
0,0.5833333333333334,0.3333333333333333,0.5416666666666666
1,0.25,0.2916666666666667,0.20833333333333334
2,0.16666666666666666,0.375,0.25
K-Nearest Neighbor,k= 7,0.3472222222222222,1.3194444444444444,0.875,0.30857142857142855,0.11999244118294737,0.10599827766418457
Fit,Precision,Recall,f1-score,support
0,0.3783783783783784,0.5833333333333334,0.45901639344262296,24.0
1,0.29411764705882354,0.20833333333333334,0.24390243902439027,24.0
2,0.3333333333333333,0.25,0.28571428571428575,24.0
accuracy,0.3472222222222222,0.3472222222222222,0.3472222222222222,0.3472222222222222
macro avg,0.3352764529235117,0.34722222222222227,0.3295443727270997,72.0
weighted avg,0.3352764529235117,0.3472222222222222,0.32954437272709963,72.0
First Row,Second Row,Third Row
0,14,10,13
1,7,5,5
2,3,9,6
First Row,Second Row,Third Row
0,0.5833333333333334,0.4166666666666667,0.5416666666666666
1,0.2916666666666667,0.20833333333333334,0.20833333333333334
2,0.125,0.375,0.25
K-Nearest Neighbor,k= 9,0.375,1.2916666666666667,0.8472222222222222,0.2390476190476191,0.09954089623202986,0.10204696655273438
Fit,Precision,Recall,f1-score,support
0,0.40476190476190477,0.7083333333333334,0.5151515151515152,24.0
1,0.3076923076923077,0.16666666666666666,0.21621621621621623,24.0
2,0.35294117647058826,0.25,0.2926829268292683,24.0
accuracy,0.375,0.375,0.375,0.375
macro avg,0.3551317963082669,0.375,0.3413502193989999,72.0
weighted avg,0.3551317963082669,0.375,0.3413502193989999,72.0
First Row,Second Row,Third Row
0,17,11,14
1,5,4,4
2,2,9,6
First Row,Second Row,Third Row
0,0.7083333333333334,0.4583333333333333,0.5833333333333334
1,0.20833333333333334,0.16666666666666666,0.16666666666666666
2,0.08333333333333333,0.375,0.25
K-Nearest Neighbor,k= 11,0.4444444444444444,1.2638888888888888,0.7916666666666666,0.26476190476190475,0.08184937218996341,0.10201835632324219
Fit,Precision,Recall,f1-score,support
0,0.4418604651162791,0.7916666666666666,0.5671641791044777,24.0
1,0.5333333333333333,0.3333333333333333,0.4102564102564102,24.0
2,0.35714285714285715,0.20833333333333334,0.2631578947368421,24.0
accuracy,0.4444444444444444,0.4444444444444444,0.4444444444444444,0.4444444444444444
macro avg,0.4441122185308232,0.4444444444444444,0.41352616136590997,72.0
weighted avg,0.44411221853082317,0.4444444444444444,0.41352616136591,72.0
First Row,Second Row,Third Row
0,19,9,15
1,3,8,4
2,2,7,5
First Row,Second Row,Third Row
0,0.7916666666666666,0.375,0.625
1,0.125,0.3333333333333333,0.16666666666666666
2,0.08333333333333333,0.2916666666666667,0.20833333333333334
K-Nearest Neighbor,k= 13,0.3888888888888889,1.3611111111111112,0.8611111111111112,0.29714285714285715,0.1787484836527663,0.10199832916259766
Fit,Precision,Recall,f1-score,support
0,0.3953488372093023,0.7083333333333334,0.5074626865671642,24.0
1,0.42857142857142855,0.25,0.3157894736842105,24.0
2,0.3333333333333333,0.20833333333333334,0.25641025641025644,24.0
accuracy,0.3888888888888889,0.3888888888888889,0.3888888888888889,0.3888888888888889
macro avg,0.3857511997046881,0.3888888888888889,0.3598874722205437,72.0
weighted avg,0.3857511997046881,0.3888888888888889,0.3598874722205437,72.0
First Row,Second Row,Third Row
0,17,11,15
1,4,6,4
2,3,7,5
First Row,Second Row,Third Row
0,0.7083333333333334,0.4583333333333333,0.625
1,0.16666666666666666,0.25,0.16666666666666666
2,0.125,0.2916666666666667,0.20833333333333334
K-Nearest Neighbor,k= 15,0.4166666666666667,1.25,0.8055555555555556,0.30666666666666664,0.11375272541650393,0.10004711151123047
Fit,Precision,Recall,f1-score,support
0,0.425531914893617,0.8333333333333334,0.5633802816901409,24.0
1,0.4,0.16666666666666666,0.23529411764705882,24.0
2,0.4,0.25,0.3076923076923077,24.0
accuracy,0.4166666666666667,0.4166666666666667,0.4166666666666667,0.4166666666666667
macro avg,0.4085106382978723,0.4166666666666667,0.36878890234316913,72.0
weighted avg,0.4085106382978724,0.4166666666666667,0.36878890234316913,72.0
First Row,Second Row,Third Row
0,20,13,14
1,2,4,4
2,2,7,6
First Row,Second Row,Third Row
0,0.8333333333333334,0.5416666666666666,0.5833333333333334
1,0.08333333333333333,0.16666666666666666,0.16666666666666666
2,0.08333333333333333,0.2916666666666667,0.25
K-Nearest Neighbor,k= 17,0.3888888888888889,1.3194444444444444,0.8472222222222222,0.2923809523809523,0.09073146943858709,0.10300111770629883
Fit,Precision,Recall,f1-score,support
0,0.4,0.75,0.5217391304347827,24.0
1,0.36363636363636365,0.16666666666666666,0.2285714285714286,24.0
2,0.375,0.25,0.3,24.0
accuracy,0.3888888888888889,0.3888888888888889,0.3888888888888889,0.3888888888888889
macro avg,0.3795454545454546,0.38888888888888884,0.35010351966873715,72.0
weighted avg,0.3795454545454546,0.3888888888888889,0.35010351966873704,72.0
First Row,Second Row,Third Row
0,18,13,14
1,3,4,4
2,3,7,6
First Row,Second Row,Third Row
0,0.75,0.5416666666666666,0.5833333333333334
1,0.125,0.16666666666666666,0.16666666666666666
2,0.125,0.2916666666666667,0.25
K-Nearest Neighbor,k= 19,0.3888888888888889,1.3194444444444444,0.8472222222222222,0.23714285714285716,0.08636787846670198,0.10300159454345703
Fit,Precision,Recall,f1-score,support
0,0.40425531914893614,0.7916666666666666,0.5352112676056338,24.0
1,0.36363636363636365,0.16666666666666666,0.2285714285714286,24.0
2,0.35714285714285715,0.20833333333333334,0.2631578947368421,24.0
accuracy,0.3888888888888889,0.3888888888888889,0.3888888888888889,0.3888888888888889
macro avg,0.37501151330938565,0.38888888888888884,0.3423135303046348,72.0
weighted avg,0.3750115133093856,0.3888888888888889,0.34231353030463485,72.0
First Row,Second Row,Third Row
0,19,13,15
1,3,4,4
2,2,7,5
First Row,Second Row,Third Row
0,0.7916666666666666,0.5416666666666666,0.625
1,0.125,0.16666666666666666,0.16666666666666666
2,0.08333333333333333,0.2916666666666667,0.20833333333333334
