name,subname,accuracy,rmse,mae,crossval_accuracy,crossval_accuracy_stnd_dev,timetotrain(fitting)
Support Vector Machine (SVC),Decision Function Shape: ovo,0.33986928104575165,1.3660130718954249,0.8954248366013072,0.2739784946236559,0.0935975646292186,17.222198724746704
Fit,Precision,Recall,f1-score,support
0,0.323943661971831,0.45098039215686275,0.3770491803278689,51.0
1,0.34782608695652173,0.3137254901960784,0.32989690721649484,51.0
2,0.3611111111111111,0.2549019607843137,0.29885057471264365,51.0
accuracy,0.33986928104575165,0.33986928104575165,0.33986928104575165,0.33986928104575165
macro avg,0.3442936200131546,0.3398692810457516,0.3352655540856691,153.0
weighted avg,0.3442936200131546,0.33986928104575165,0.3352655540856691,153.0
First Row,Second Row,Third Row
0,23,22,26
1,18,16,12
2,10,13,13
First Row,Second Row,Third Row
0,0.45098039215686275,0.43137254901960786,0.5098039215686274
1,0.35294117647058826,0.3137254901960784,0.23529411764705882
2,0.19607843137254902,0.2549019607843137,0.2549019607843137
Support Vector Machine (SVC),Decision Function Shape: ovr,0.33986928104575165,1.3660130718954249,0.8954248366013072,0.2739784946236559,0.0935975646292186,16.791704177856445
Fit,Precision,Recall,f1-score,support
0,0.323943661971831,0.45098039215686275,0.3770491803278689,51.0
1,0.34782608695652173,0.3137254901960784,0.32989690721649484,51.0
2,0.3611111111111111,0.2549019607843137,0.29885057471264365,51.0
accuracy,0.33986928104575165,0.33986928104575165,0.33986928104575165,0.33986928104575165
macro avg,0.3442936200131546,0.3398692810457516,0.3352655540856691,153.0
weighted avg,0.3442936200131546,0.33986928104575165,0.3352655540856691,153.0
First Row,Second Row,Third Row
0,23,22,26
1,18,16,12
2,10,13,13
First Row,Second Row,Third Row
0,0.45098039215686275,0.43137254901960786,0.5098039215686274
1,0.35294117647058826,0.3137254901960784,0.23529411764705882
2,0.19607843137254902,0.2549019607843137,0.2549019607843137
Support Vector Machine (LinearSVC),scheme: crammer_singer,0.3333333333333333,1.4509803921568627,0.9281045751633987,0.26129032258064516,0.061919053973711696,1.0473496913909912
Fit,Precision,Recall,f1-score,support
0,0.3246753246753247,0.49019607843137253,0.39062499999999994,51.0
1,0.37209302325581395,0.3137254901960784,0.3404255319148936,51.0
2,0.30303030303030304,0.19607843137254902,0.23809523809523808,51.0
accuracy,0.3333333333333333,0.3333333333333333,0.3333333333333333,0.3333333333333333
macro avg,0.3332662169871472,0.3333333333333333,0.3230485900033772,153.0
weighted avg,0.3332662169871472,0.3333333333333333,0.32304859000337716,153.0
First Row,Second Row,Third Row
0,25,22,30
1,16,16,11
2,10,13,10
First Row,Second Row,Third Row
0,0.49019607843137253,0.43137254901960786,0.5882352941176471
1,0.3137254901960784,0.3137254901960784,0.21568627450980393
2,0.19607843137254902,0.2549019607843137,0.19607843137254902
Support Vector Machine (LinearSVC),scheme: ovr,0.28104575163398693,1.4836601307189543,0.9738562091503268,0.26752688172043004,0.07049828432962893,2.484401226043701
Fit,Precision,Recall,f1-score,support
0,0.24,0.23529411764705882,0.2376237623762376,51.0
1,0.3148148148148148,0.3333333333333333,0.32380952380952377,51.0
2,0.2857142857142857,0.27450980392156865,0.27999999999999997,51.0
accuracy,0.28104575163398693,0.28104575163398693,0.28104575163398693,0.28104575163398693
macro avg,0.28017636684303354,0.28104575163398693,0.2804777620619205,153.0
weighted avg,0.28017636684303354,0.28104575163398693,0.28047776206192043,153.0
First Row,Second Row,Third Row
0,12,16,22
1,22,17,15
2,17,18,14
First Row,Second Row,Third Row
0,0.23529411764705882,0.3137254901960784,0.43137254901960786
1,0.43137254901960786,0.3333333333333333,0.29411764705882354
2,0.3333333333333333,0.35294117647058826,0.27450980392156865
Decision Tree Classifier,max_depth= 4,0.28104575163398693,1.6797385620915033,1.0392156862745099,0.3393548387096774,0.039843606855856806,0.0140380859375
Fit,Precision,Recall,f1-score,support
0,0.2808988764044944,0.49019607843137253,0.35714285714285715,51.0
1,0.3611111111111111,0.2549019607843137,0.29885057471264365,51.0
2,0.17857142857142858,0.09803921568627451,0.12658227848101264,51.0
accuracy,0.28104575163398693,0.28104575163398693,0.28104575163398693,0.28104575163398693
macro avg,0.2735271386956781,0.28104575163398693,0.2608585701121711,153.0
weighted avg,0.2735271386956781,0.28104575163398693,0.2608585701121712,153.0
First Row,Second Row,Third Row
0,25,26,38
1,15,13,8
2,11,12,5
First Row,Second Row,Third Row
0,0.49019607843137253,0.5098039215686274,0.7450980392156863
1,0.29411764705882354,0.2549019607843137,0.1568627450980392
2,0.21568627450980393,0.23529411764705882,0.09803921568627451
Decision Tree Classifier,max_depth= 6,0.32679738562091504,1.4967320261437909,0.9477124183006536,0.306236559139785,0.06922393247220507,0.020020484924316406
Fit,Precision,Recall,f1-score,support
0,0.3176470588235294,0.5294117647058824,0.39705882352941174,51.0
1,0.38095238095238093,0.3137254901960784,0.3440860215053763,51.0
2,0.2692307692307692,0.13725490196078433,0.18181818181818182,51.0
accuracy,0.32679738562091504,0.32679738562091504,0.32679738562091504,0.32679738562091504
macro avg,0.32261006966889316,0.32679738562091504,0.30765434228432326,153.0
weighted avg,0.3226100696688932,0.32679738562091504,0.3076543422843233,153.0
First Row,Second Row,Third Row
0,27,25,33
1,15,16,11
2,9,10,7
First Row,Second Row,Third Row
0,0.5294117647058824,0.49019607843137253,0.6470588235294118
1,0.29411764705882354,0.3137254901960784,0.21568627450980393
2,0.17647058823529413,0.19607843137254902,0.13725490196078433
Decision Tree Classifier,max_depth= 8,0.37254901960784315,1.2549019607843137,0.8366013071895425,0.2729032258064516,0.10691092394352238,0.030020952224731445
Fit,Precision,Recall,f1-score,support
0,0.38095238095238093,0.47058823529411764,0.42105263157894735,51.0
1,0.3673469387755102,0.35294117647058826,0.36000000000000004,51.0
2,0.36585365853658536,0.29411764705882354,0.32608695652173914,51.0
accuracy,0.37254901960784315,0.37254901960784315,0.37254901960784315,0.37254901960784315
macro avg,0.3713843260881588,0.37254901960784315,0.36904652936689547,153.0
weighted avg,0.3713843260881588,0.37254901960784315,0.36904652936689547,153.0
First Row,Second Row,Third Row
0,24,18,21
1,16,18,15
2,11,15,15
First Row,Second Row,Third Row
0,0.47058823529411764,0.35294117647058826,0.4117647058823529
1,0.3137254901960784,0.35294117647058826,0.29411764705882354
2,0.21568627450980393,0.29411764705882354,0.29411764705882354
Decision Tree Classifier,max_depth= 10,0.3333333333333333,1.4705882352941178,0.934640522875817,0.2858064516129032,0.11200647454982188,0.031171798706054688
Fit,Precision,Recall,f1-score,support
0,0.3283582089552239,0.43137254901960786,0.37288135593220334,51.0
1,0.391304347826087,0.35294117647058826,0.3711340206185567,51.0
2,0.275,0.21568627450980393,0.24175824175824176,51.0
accuracy,0.3333333333333333,0.3333333333333333,0.3333333333333333,0.3333333333333333
macro avg,0.3315541855937703,0.3333333333333333,0.3285912061030006,153.0
weighted avg,0.33155418559377026,0.3333333333333333,0.3285912061030006,153.0
First Row,Second Row,Third Row
0,22,18,27
1,15,18,13
2,14,15,11
First Row,Second Row,Third Row
0,0.43137254901960786,0.35294117647058826,0.5294117647058824
1,0.29411764705882354,0.35294117647058826,0.2549019607843137
2,0.27450980392156865,0.29411764705882354,0.21568627450980393
Decision Tree Classifier,max_depth= 12,0.3660130718954248,1.3202614379084967,0.8627450980392157,0.2731182795698925,0.09233548146678926,0.031128406524658203
Fit,Precision,Recall,f1-score,support
0,0.391304347826087,0.5294117647058824,0.45,51.0
1,0.3829787234042553,0.35294117647058826,0.3673469387755102,51.0
2,0.2972972972972973,0.21568627450980393,0.25000000000000006,51.0
accuracy,0.3660130718954248,0.3660130718954248,0.3660130718954248,0.3660130718954248
macro avg,0.3571934561758799,0.36601307189542487,0.3557823129251701,153.0
weighted avg,0.3571934561758799,0.3660130718954248,0.3557823129251701,153.0
First Row,Second Row,Third Row
0,27,16,26
1,15,18,14
2,9,17,11
First Row,Second Row,Third Row
0,0.5294117647058824,0.3137254901960784,0.5098039215686274
1,0.29411764705882354,0.35294117647058826,0.27450980392156865
2,0.17647058823529413,0.3333333333333333,0.21568627450980393
Decision Tree Classifier,max_depth= 14,0.3464052287581699,1.3006535947712419,0.869281045751634,0.2858064516129032,0.11566294359967365,0.03518366813659668
Fit,Precision,Recall,f1-score,support
0,0.36666666666666664,0.43137254901960786,0.39639639639639634,51.0
1,0.34615384615384615,0.35294117647058826,0.3495145631067962,51.0
2,0.3170731707317073,0.2549019607843137,0.28260869565217384,51.0
accuracy,0.3464052287581699,0.3464052287581699,0.3464052287581699,0.3464052287581699
macro avg,0.3432978945174067,0.34640522875817,0.3428398850517888,153.0
weighted avg,0.34329789451740667,0.3464052287581699,0.3428398850517888,153.0
First Row,Second Row,Third Row
0,22,16,22
1,18,18,16
2,11,17,13
First Row,Second Row,Third Row
0,0.43137254901960786,0.3137254901960784,0.43137254901960786
1,0.35294117647058826,0.35294117647058826,0.3137254901960784
2,0.21568627450980393,0.3333333333333333,0.2549019607843137
Decision Tree Classifier,max_depth= 16,0.35294117647058826,1.3137254901960784,0.869281045751634,0.29870967741935484,0.12244550180958218,0.040239810943603516
Fit,Precision,Recall,f1-score,support
0,0.3442622950819672,0.4117647058823529,0.37499999999999994,51.0
1,0.34782608695652173,0.3137254901960784,0.32989690721649484,51.0
2,0.3695652173913043,0.3333333333333333,0.35051546391752575,51.0
accuracy,0.35294117647058826,0.35294117647058826,0.35294117647058826,0.35294117647058826
macro avg,0.35388453314326435,0.35294117647058826,0.3518041237113401,153.0
weighted avg,0.3538845331432644,0.35294117647058826,0.3518041237113402,153.0
First Row,Second Row,Third Row
0,21,19,21
1,17,16,13
2,13,16,17
First Row,Second Row,Third Row
0,0.4117647058823529,0.37254901960784315,0.4117647058823529
1,0.3333333333333333,0.3137254901960784,0.2549019607843137
2,0.2549019607843137,0.3137254901960784,0.3333333333333333
Decision Tree Classifier,max_depth= 18,0.32679738562091504,1.3594771241830066,0.9019607843137255,0.292258064516129,0.11663053798653192,0.0440523624420166
Fit,Precision,Recall,f1-score,support
0,0.3392857142857143,0.37254901960784315,0.35514018691588783,51.0
1,0.34545454545454546,0.37254901960784315,0.3584905660377358,51.0
2,0.2857142857142857,0.23529411764705882,0.2580645161290323,51.0
accuracy,0.32679738562091504,0.32679738562091504,0.32679738562091504,0.32679738562091504
macro avg,0.3234848484848485,0.32679738562091504,0.32389842302755195,153.0
weighted avg,0.3234848484848485,0.32679738562091504,0.32389842302755195,153.0
First Row,Second Row,Third Row
0,19,16,21
1,18,19,18
2,14,16,12
First Row,Second Row,Third Row
0,0.37254901960784315,0.3137254901960784,0.4117647058823529
1,0.35294117647058826,0.37254901960784315,0.35294117647058826
2,0.27450980392156865,0.3137254901960784,0.23529411764705882
K-Nearest Neighbor,k= 1 weight=uniform,0.38562091503267976,1.1633986928104576,0.7973856209150327,0.3060215053763441,0.08003236713712177,0.08505463600158691
Fit,Precision,Recall,f1-score,support
0,0.40350877192982454,0.45098039215686275,0.42592592592592593,51.0
1,0.3333333333333333,0.29411764705882354,0.3125,51.0
2,0.4117647058823529,0.4117647058823529,0.4117647058823529,51.0
accuracy,0.38562091503267976,0.38562091503267976,0.38562091503267976,0.38562091503267976
macro avg,0.3828689370485036,0.3856209150326797,0.3833968772694263,153.0
weighted avg,0.3828689370485036,0.38562091503267976,0.3833968772694263,153.0
First Row,Second Row,Third Row
0,23,20,14
1,14,15,16
2,14,16,21
First Row,Second Row,Third Row
0,0.45098039215686275,0.39215686274509803,0.27450980392156865
1,0.27450980392156865,0.29411764705882354,0.3137254901960784
2,0.27450980392156865,0.3137254901960784,0.4117647058823529
K-Nearest Neighbor,k= 3 weight=uniform,0.41830065359477125,1.1895424836601307,0.7843137254901961,0.26731182795698927,0.06020583646811986,0.0969996452331543
Fit,Precision,Recall,f1-score,support
0,0.40625,0.5098039215686274,0.45217391304347826,51.0
1,0.4222222222222222,0.37254901960784315,0.3958333333333333,51.0
2,0.4318181818181818,0.37254901960784315,0.4,51.0
accuracy,0.41830065359477125,0.41830065359477125,0.41830065359477125,0.41830065359477125
macro avg,0.4200968013468014,0.41830065359477125,0.41600241545893724,153.0
weighted avg,0.4200968013468014,0.41830065359477125,0.41600241545893724,153.0
First Row,Second Row,Third Row
0,26,17,21
1,15,19,11
2,10,15,19
First Row,Second Row,Third Row
0,0.5098039215686274,0.3333333333333333,0.4117647058823529
1,0.29411764705882354,0.37254901960784315,0.21568627450980393
2,0.19607843137254902,0.29411764705882354,0.37254901960784315
K-Nearest Neighbor,k= 5 weight=uniform,0.38562091503267976,1.3006535947712419,0.8431372549019608,0.28021505376344086,0.06365591397849463,0.08503007888793945
Fit,Precision,Recall,f1-score,support
0,0.3611111111111111,0.5098039215686274,0.42276422764227634,51.0
1,0.40476190476190477,0.3333333333333333,0.3655913978494623,51.0
2,0.41025641025641024,0.3137254901960784,0.3555555555555555,51.0
accuracy,0.38562091503267976,0.38562091503267976,0.38562091503267976,0.38562091503267976
macro avg,0.392043142043142,0.3856209150326797,0.3813037270157647,153.0
weighted avg,0.392043142043142,0.38562091503267976,0.3813037270157647,153.0
First Row,Second Row,Third Row
0,26,21,25
1,15,17,10
2,10,13,16
First Row,Second Row,Third Row
0,0.5098039215686274,0.4117647058823529,0.49019607843137253
1,0.29411764705882354,0.3333333333333333,0.19607843137254902
2,0.19607843137254902,0.2549019607843137,0.3137254901960784
K-Nearest Neighbor,k= 7 weight=uniform,0.3464052287581699,1.3594771241830066,0.8888888888888888,0.31956989247311823,0.04777098796357788,0.0822458267211914
Fit,Precision,Recall,f1-score,support
0,0.34285714285714286,0.47058823529411764,0.39669421487603307,51.0
1,0.3488372093023256,0.29411764705882354,0.3191489361702128,51.0
2,0.35,0.27450980392156865,0.3076923076923077,51.0
accuracy,0.3464052287581699,0.3464052287581699,0.3464052287581699,0.3464052287581699
macro avg,0.3472314507198228,0.34640522875816987,0.3411784862461846,153.0
weighted avg,0.34723145071982275,0.3464052287581699,0.34117848624618446,153.0
First Row,Second Row,Third Row
0,24,21,25
1,16,15,12
2,11,15,14
First Row,Second Row,Third Row
0,0.47058823529411764,0.4117647058823529,0.49019607843137253
1,0.3137254901960784,0.29411764705882354,0.23529411764705882
2,0.21568627450980393,0.29411764705882354,0.27450980392156865
K-Nearest Neighbor,k= 9 weight=uniform,0.32679738562091504,1.3986928104575163,0.9150326797385621,0.2731182795698925,0.09005336222025852,0.08323407173156738
Fit,Precision,Recall,f1-score,support
0,0.32857142857142857,0.45098039215686275,0.38016528925619836,51.0
1,0.3076923076923077,0.23529411764705882,0.26666666666666666,51.0
2,0.3409090909090909,0.29411764705882354,0.3157894736842105,51.0
accuracy,0.32679738562091504,0.32679738562091504,0.32679738562091504,0.32679738562091504
macro avg,0.3257242757242757,0.32679738562091504,0.3208738098690252,153.0
weighted avg,0.3257242757242757,0.32679738562091504,0.32087380986902514,153.0
First Row,Second Row,Third Row
0,23,24,23
1,14,12,13
2,14,15,15
First Row,Second Row,Third Row
0,0.45098039215686275,0.47058823529411764,0.45098039215686275
1,0.27450980392156865,0.23529411764705882,0.2549019607843137
2,0.27450980392156865,0.29411764705882354,0.29411764705882354
K-Nearest Neighbor,k= 1 weight=distance,0.38562091503267976,1.1633986928104576,0.7973856209150327,0.3060215053763441,0.08003236713712177,0.09498000144958496
Fit,Precision,Recall,f1-score,support
0,0.40350877192982454,0.45098039215686275,0.42592592592592593,51.0
1,0.3333333333333333,0.29411764705882354,0.3125,51.0
2,0.4117647058823529,0.4117647058823529,0.4117647058823529,51.0
accuracy,0.38562091503267976,0.38562091503267976,0.38562091503267976,0.38562091503267976
macro avg,0.3828689370485036,0.3856209150326797,0.3833968772694263,153.0
weighted avg,0.3828689370485036,0.38562091503267976,0.3833968772694263,153.0
First Row,Second Row,Third Row
0,23,20,14
1,14,15,16
2,14,16,21
First Row,Second Row,Third Row
0,0.45098039215686275,0.39215686274509803,0.27450980392156865
1,0.27450980392156865,0.29411764705882354,0.3137254901960784
2,0.27450980392156865,0.3137254901960784,0.4117647058823529
K-Nearest Neighbor,k= 3 weight=distance,0.43790849673202614,1.0718954248366013,0.7320261437908496,0.26021505376344084,0.10012363729322858,0.08605122566223145
Fit,Precision,Recall,f1-score,support
0,0.45614035087719296,0.5098039215686274,0.48148148148148145,51.0
1,0.40425531914893614,0.37254901960784315,0.38775510204081626,51.0
2,0.4489795918367347,0.43137254901960786,0.43999999999999995,51.0
accuracy,0.43790849673202614,0.43790849673202614,0.43790849673202614,0.43790849673202614
macro avg,0.4364584206209546,0.43790849673202614,0.43641219450743257,153.0
weighted avg,0.4364584206209546,0.43790849673202614,0.43641219450743257,153.0
First Row,Second Row,Third Row
0,26,15,16
1,15,19,13
2,10,17,22
First Row,Second Row,Third Row
0,0.5098039215686274,0.29411764705882354,0.3137254901960784
1,0.29411764705882354,0.37254901960784315,0.2549019607843137
2,0.19607843137254902,0.3333333333333333,0.43137254901960786
K-Nearest Neighbor,k= 5 weight=distance,0.40522875816993464,1.1830065359477124,0.7908496732026143,0.29913978494623655,0.09801451281281347,0.0930032730102539
Fit,Precision,Recall,f1-score,support
0,0.40625,0.5098039215686274,0.45217391304347826,51.0
1,0.391304347826087,0.35294117647058826,0.3711340206185567,51.0
2,0.4186046511627907,0.35294117647058826,0.3829787234042554,51.0
accuracy,0.40522875816993464,0.40522875816993464,0.40522875816993464,0.40522875816993464
macro avg,0.40538633299629256,0.4052287581699347,0.40209555235543015,153.0
weighted avg,0.4053863329962926,0.40522875816993464,0.40209555235543015,153.0
First Row,Second Row,Third Row
0,26,18,20
1,15,18,13
2,10,15,18
First Row,Second Row,Third Row
0,0.5098039215686274,0.35294117647058826,0.39215686274509803
1,0.29411764705882354,0.35294117647058826,0.2549019607843137
2,0.19607843137254902,0.29411764705882354,0.35294117647058826
K-Nearest Neighbor,k= 7 weight=distance,0.35294117647058826,1.2941176470588236,0.8627450980392157,0.2993548387096774,0.08197357509299918,0.08705639839172363
Fit,Precision,Recall,f1-score,support
0,0.36923076923076925,0.47058823529411764,0.4137931034482759,51.0
1,0.3333333333333333,0.29411764705882354,0.3125,51.0
2,0.3488372093023256,0.29411764705882354,0.3191489361702128,51.0
accuracy,0.35294117647058826,0.35294117647058826,0.35294117647058826,0.35294117647058826
macro avg,0.35046710395547603,0.35294117647058826,0.34848067987282955,153.0
weighted avg,0.3504671039554761,0.35294117647058826,0.3484806798728296,153.0
First Row,Second Row,Third Row
0,24,19,22
1,16,15,14
2,11,17,15
First Row,Second Row,Third Row
0,0.47058823529411764,0.37254901960784315,0.43137254901960786
1,0.3137254901960784,0.29411764705882354,0.27450980392156865
2,0.21568627450980393,0.3333333333333333,0.29411764705882354
K-Nearest Neighbor,k= 9 weight=distance,0.3333333333333333,1.3529411764705883,0.8954248366013072,0.27999999999999997,0.06943805959779979,0.09001827239990234
Fit,Precision,Recall,f1-score,support
0,0.3492063492063492,0.43137254901960786,0.38596491228070173,51.0
1,0.30952380952380953,0.2549019607843137,0.27956989247311825,51.0
2,0.3333333333333333,0.3137254901960784,0.32323232323232326,51.0
accuracy,0.3333333333333333,0.3333333333333333,0.3333333333333333,0.3333333333333333
macro avg,0.3306878306878307,0.3333333333333333,0.32958904266204775,153.0
weighted avg,0.3306878306878307,0.3333333333333333,0.32958904266204775,153.0
First Row,Second Row,Third Row
0,22,20,21
1,15,13,14
2,14,18,16
First Row,Second Row,Third Row
0,0.43137254901960786,0.39215686274509803,0.4117647058823529
1,0.29411764705882354,0.2549019607843137,0.27450980392156865
2,0.27450980392156865,0.35294117647058826,0.3137254901960784
