name,subname,accuracy,rmse,mae,crossval_accuracy,crossval_accuracy_stnd_dev,timetotrain(fitting)
Support Vector Machine (SVC),Decision Function Shape: ovo,0.6965256440557788,0.6409832190971402,0.4159773103285275,0.7116599969969026,0.0037028219670888346,70.52553391456604
Fit,Precision,Recall,f1-score,support
0,0.6190253045923149,0.7825829383886256,0.6912611198325483,1688.0
1,0.7599645704162976,0.6150537634408603,0.6798732171156895,1395.0
2,0.7933884297520661,0.6689895470383276,0.725897920604915,1148.0
accuracy,0.6965256440557788,0.6965256440557788,0.6965256440557788,0.6965256440557788
macro avg,0.7241261015868928,0.6888754162892713,0.6990107525177175,4231.0
weighted avg,0.7128043505643902,0.6965256440557788,0.6969044483592934,4231.0
First Row,Second Row,Third Row
0,1321,474,339
1,230,858,41
2,137,63,768
First Row,Second Row,Third Row
0,0.7825829383886256,0.33978494623655914,0.2952961672473868
1,0.1362559241706161,0.6150537634408603,0.03571428571428571
2,0.0811611374407583,0.04516129032258064,0.6689895470383276
Support Vector Machine (SVC),Decision Function Shape: ovr,0.6965256440557788,0.6409832190971402,0.4159773103285275,0.7116599969969026,0.0037028219670888346,70.53182458877563
Fit,Precision,Recall,f1-score,support
0,0.6190253045923149,0.7825829383886256,0.6912611198325483,1688.0
1,0.7599645704162976,0.6150537634408603,0.6798732171156895,1395.0
2,0.7933884297520661,0.6689895470383276,0.725897920604915,1148.0
accuracy,0.6965256440557788,0.6965256440557788,0.6965256440557788,0.6965256440557788
macro avg,0.7241261015868928,0.6888754162892713,0.6990107525177175,4231.0
weighted avg,0.7128043505643902,0.6965256440557788,0.6969044483592934,4231.0
First Row,Second Row,Third Row
0,1321,474,339
1,230,858,41
2,137,63,768
First Row,Second Row,Third Row
0,0.7825829383886256,0.33978494623655914,0.2952961672473868
1,0.1362559241706161,0.6150537634408603,0.03571428571428571
2,0.0811611374407583,0.04516129032258064,0.6689895470383276
Support Vector Machine (LinearSVC),scheme: crammer_singer,0.6958165918222642,0.6338926967619948,0.4140865043724888,0.706636391254701,0.006686177893117034,154.77396059036255
Fit,Precision,Recall,f1-score,support
0,0.6130790190735694,0.7997630331753555,0.6940874035989717,1688.0
1,0.7519788918205804,0.6129032258064516,0.6753554502369669,1395.0
2,0.82847533632287,0.6437282229965157,0.7245098039215687,1148.0
accuracy,0.6958165918222642,0.6958165918222642,0.6958165918222642,0.6958165918222642
macro avg,0.7311777490723399,0.6854648273261076,0.6979842192525024,4231.0
weighted avg,0.7173192210788347,0.6958165918222642,0.6961658343790106,4231.0
First Row,Second Row,Third Row
0,1350,487,365
1,238,855,44
2,100,53,739
First Row,Second Row,Third Row
0,0.7997630331753555,0.34910394265232975,0.31794425087108014
1,0.14099526066350712,0.6129032258064516,0.03832752613240418
2,0.05924170616113744,0.03799283154121864,0.6437282229965157
Support Vector Machine (LinearSVC),scheme: ovr,0.34956275112266605,0.650437248877334,0.650437248877334,0.45895521892929103,0.036727774285023315,2.0741052627563477
Fit,Precision,Recall,f1-score,support
0,0.0,0.0,0.0,1688.0
1,0.3362297851798214,0.9985663082437276,0.5030697002527988,1395.0
2,0.9772727272727273,0.07491289198606271,0.13915857605177992,1148.0
accuracy,0.34956275112266605,0.34956275112266605,0.34956275112266605,0.34956275112266605
macro avg,0.4378341708175162,0.3578264000765968,0.21407609210152626,4231.0
weighted avg,0.3760221321755948,0.34956275112266605,0.20362474052472174,4231.0
First Row,Second Row,Third Row
0,0,0,0
1,1688,1393,1062
2,0,2,86
First Row,Second Row,Third Row
0,0.0,0.0,0.0
1,1.0,0.9985663082437276,0.9250871080139372
2,0.0,0.0014336917562724014,0.07491289198606271
Decision Tree Classifier,max_depth= 4,0.6528007563223824,0.7059796738359726,0.46679272039706926,0.636258865248227,0.018421545913529132,0.01301264762878418
Fit,Precision,Recall,f1-score,support
0,0.5709736123748863,0.7434834123222749,0.6459083890890376,1688.0
1,0.6679626749611197,0.6157706093189964,0.6408056695262961,1395.0
2,0.8674698795180723,0.5644599303135889,0.6839050131926122,1148.0
accuracy,0.6528007563223824,0.6528007563223824,0.6528007563223824,0.6528007563223824
macro avg,0.7021353889513594,0.6412379839849535,0.656873023935982,4231.0
weighted avg,0.6834003334782125,0.6528007563223824,0.6545356239462532,4231.0
First Row,Second Row,Third Row
0,1255,518,425
1,352,859,75
2,81,18,648
First Row,Second Row,Third Row
0,0.7434834123222749,0.37132616487455194,0.3702090592334495
1,0.20853080568720378,0.6157706093189964,0.06533101045296168
2,0.04798578199052133,0.012903225806451613,0.5644599303135889
Decision Tree Classifier,max_depth= 6,0.7010163082013708,0.6010399432758213,0.3996691089576932,0.6778586243811053,0.016887026129127895,0.019999980926513672
Fit,Precision,Recall,f1-score,support
0,0.6195752539242844,0.7950236966824644,0.6964193046185781,1688.0
1,0.7344013490725126,0.6243727598566309,0.6749321968229369,1395.0
2,0.856655290102389,0.6559233449477352,0.7429699062654168,1148.0
accuracy,0.7010163082013708,0.7010163082013708,0.7010163082013708,0.7010163082013708
macro avg,0.7368772976997287,0.6917732671622768,0.7047738025689774,4231.0
weighted avg,0.7217615654970195,0.7010163082013708,0.7019654108146669,4231.0
First Row,Second Row,Third Row
0,1342,476,348
1,268,871,47
2,78,48,753
First Row,Second Row,Third Row
0,0.7950236966824644,0.34121863799283153,0.30313588850174217
1,0.15876777251184834,0.6243727598566309,0.040940766550522645
2,0.0462085308056872,0.034408602150537634,0.6559233449477352
Decision Tree Classifier,max_depth= 8,0.7430867407232333,0.5213897423776885,0.345072086977074,0.6993604754895401,0.018748928803812945,0.021999120712280273
Fit,Precision,Recall,f1-score,support
0,0.651194231635872,0.856042654028436,0.7396979779882263,1688.0
1,0.7989464442493416,0.6523297491039427,0.718232044198895,1395.0
2,0.9037800687285223,0.6872822299651568,0.780801583374567,1148.0
accuracy,0.7430867407232333,0.7430867407232333,0.7430867407232333,0.7430867407232333
macro avg,0.7846402482045787,0.7318848776991785,0.7462438685205628,4231.0
weighted avg,0.7684437890875744,0.7430867407232333,0.7437731283894086,4231.0
First Row,Second Row,Third Row
0,1445,467,307
1,177,910,52
2,66,18,789
First Row,Second Row,Third Row
0,0.856042654028436,0.3347670250896057,0.26742160278745647
1,0.10485781990521327,0.6523297491039427,0.04529616724738676
2,0.03909952606635071,0.012903225806451613,0.6872822299651568
Decision Tree Classifier,max_depth= 10,0.7669581659182226,0.4769558024107776,0.3143464901914441,0.7059854364601454,0.017591912915941848,0.027019739151000977
Fit,Precision,Recall,f1-score,support
0,0.6647948164146869,0.9117298578199052,0.7689233075193604,1688.0
1,0.8589132507149666,0.6458781362007169,0.737315875613748,1395.0
2,0.9284890426758939,0.7012195121951219,0.7990074441687346,1148.0
accuracy,0.7669581659182226,0.7669581659182226,0.7669581659182226,0.7669581659182226
macro avg,0.8173990366018491,0.7529425020719147,0.7684155424339477,4231.0
weighted avg,0.8003457943387606,0.7669581659182226,0.7666647921246906,4231.0
First Row,Second Row,Third Row
0,1539,479,297
1,102,901,46
2,47,15,805
First Row,Second Row,Third Row
0,0.9117298578199052,0.3433691756272401,0.2587108013937282
1,0.06042654028436019,0.6458781362007169,0.04006968641114982
2,0.027843601895734597,0.010752688172043012,0.7012195121951219
Decision Tree Classifier,max_depth= 12,0.7716851808083195,0.4679744741195935,0.30820137083431814,0.7050370221686961,0.02316900568878889,0.031052589416503906
Fit,Precision,Recall,f1-score,support
0,0.6715425531914894,0.8975118483412322,0.7682555780933061,1688.0
1,0.8726919339164237,0.6437275985663082,0.7409240924092408,1395.0
2,0.9006342494714588,0.7421602787456446,0.8137535816618913,1148.0
accuracy,0.7716851808083195,0.7716851808083195,0.7716851808083195,0.7716851808083195
macro avg,0.8149562455264573,0.7611332418843949,0.7743110840548127,4231.0
weighted avg,0.8000229723455164,0.7716851808083195,0.7715891364878853,4231.0
First Row,Second Row,Third Row
0,1515,473,268
1,103,898,28
2,70,24,852
First Row,Second Row,Third Row
0,0.8975118483412322,0.33906810035842294,0.23344947735191637
1,0.06101895734597156,0.6437275985663082,0.024390243902439025
2,0.041469194312796206,0.017204301075268817,0.7421602787456446
Decision Tree Classifier,max_depth= 14,0.7667218151737178,0.4679744741195935,0.31151028125738595,0.6955846603327535,0.018590564792991867,0.032998085021972656
Fit,Precision,Recall,f1-score,support
0,0.6780128794848206,0.8732227488151659,0.763335059554635,1688.0
1,0.8337850045167118,0.6616487455197133,0.7378097521982414,1395.0
2,0.891578947368421,0.7378048780487805,0.8074356530028598,1148.0
accuracy,0.7667218151737178,0.7667218151737178,0.7667218151737178,0.7667218151737178
macro avg,0.8011256104566512,0.7575587907945532,0.7695268215852454,4231.0
weighted avg,0.7873194170291035,0.7667218151737178,0.7668849715178571,4231.0
First Row,Second Row,Third Row
0,1474,443,257
1,140,923,44
2,74,29,847
First Row,Second Row,Third Row
0,0.8732227488151659,0.31756272401433694,0.22386759581881532
1,0.08293838862559241,0.6616487455197133,0.03832752613240418
2,0.04383886255924171,0.02078853046594982,0.7378048780487805
Decision Tree Classifier,max_depth= 16,0.7617584495391161,0.4559205861498464,0.3108012290238714,0.6894347428520451,0.018323161394983134,0.03397965431213379
Fit,Precision,Recall,f1-score,support
0,0.6900386847195358,0.8453791469194313,0.7598509052183173,1688.0
1,0.7965811965811965,0.668100358422939,0.7267056530214424,1395.0
2,0.8700906344410876,0.7526132404181185,0.8070994862213919,1148.0
accuracy,0.7617584495391161,0.7617584495391161,0.7617584495391161,0.7617584495391161
macro avg,0.78557017191394,0.7553642485868296,0.7645520148203838,4231.0
weighted avg,0.7740203539058648,0.7617584495391161,0.7617425961133515,4231.0
First Row,Second Row,Third Row
0,1427,416,225
1,179,932,59
2,82,47,864
First Row,Second Row,Third Row
0,0.8453791469194313,0.2982078853046595,0.19599303135888502
1,0.10604265402843602,0.668100358422939,0.05139372822299652
2,0.0485781990521327,0.03369175627240143,0.7526132404181185
Decision Tree Classifier,max_depth= 18,0.755849680926495,0.4646655636965256,0.3176554006145119,0.676203778045408,0.02083376248736624,0.03599834442138672
Fit,Precision,Recall,f1-score,support
0,0.6926167754897037,0.8169431279620853,0.7496602337591737,1688.0
1,0.779253112033195,0.6731182795698925,0.7223076923076923,1395.0
2,0.8502415458937198,0.7665505226480837,0.8062299587723316,1148.0
accuracy,0.755849680926495,0.755849680926495,0.755849680926495,0.755849680926495
macro avg,0.7740371444722062,0.7522039767266872,0.7593992949463994,4231.0
weighted avg,0.7639500125263334,0.755849680926495,0.7559909472997761,4231.0
First Row,Second Row,Third Row
0,1379,405,207
1,205,939,61
2,104,51,880
First Row,Second Row,Third Row
0,0.8169431279620853,0.2903225806451613,0.1803135888501742
1,0.12144549763033176,0.6731182795698925,0.05313588850174216
2,0.061611374407582936,0.03655913978494624,0.7665505226480837
K-Nearest Neighbor,k= 11 weight=uniform,0.6674545024816828,0.696289293311274,0.4537934294493028,0.6798063875182893,0.005109129991595431,0.053997039794921875
Fit,Precision,Recall,f1-score,support
0,0.584761045987376,0.7683649289099526,0.6641065028161802,1688.0
1,0.7296058661778185,0.5706093189964158,0.6403861625100563,1395.0
2,0.7928416485900217,0.6367595818815331,0.706280193236715,1148.0
accuracy,0.6674545024816828,0.6674545024816828,0.6674545024816828,0.6674545024816828
macro avg,0.7024028535850722,0.6585779432626339,0.6702576195209838,4231.0
weighted avg,0.6889763747402724,0.6674545024816828,0.6677287013214345,4231.0
First Row,Second Row,Third Row
0,1297,546,375
1,253,796,42
2,138,53,731
First Row,Second Row,Third Row
0,0.7683649289099526,0.3913978494623656,0.32665505226480834
1,0.14988151658767773,0.5706093189964158,0.036585365853658534
2,0.08175355450236967,0.03799283154121864,0.6367595818815331
K-Nearest Neighbor,k= 13 weight=uniform,0.667218151737178,0.6965256440557788,0.45402978019380763,0.6795697539206136,0.0060352285492953316,0.05402040481567383
Fit,Precision,Recall,f1-score,support
0,0.5867507886435331,0.7713270142180095,0.6664960327617097,1688.0
1,0.7323420074349443,0.5648745519713262,0.6377984621610685,1395.0
2,0.7831196581196581,0.6385017421602788,0.7034548944337813,1148.0
accuracy,0.667218151737178,0.667218151737178,0.667218151737178,0.667218151737178
macro avg,0.7007374847327118,0.6582344361165382,0.6692497964521865,4231.0
weighted avg,0.6880344597313635,0.667218151737178,0.6670622493090138,4231.0
First Row,Second Row,Third Row
0,1302,548,369
1,242,788,46
2,144,59,733
First Row,Second Row,Third Row
0,0.7713270142180095,0.392831541218638,0.32142857142857145
1,0.14336492890995262,0.5648745519713262,0.04006968641114982
2,0.08530805687203792,0.04229390681003584,0.6385017421602788
K-Nearest Neighbor,k= 15 weight=uniform,0.6712361143937603,0.6882533679981092,0.4485937130701962,0.6846523041788448,0.003796340269064468,0.0550234317779541
Fit,Precision,Recall,f1-score,support
0,0.5904804669959587,0.7790284360189573,0.6717752234993615,1688.0
1,0.739456419868791,0.5655913978494623,0.6409423233143786,1395.0
2,0.7854855923159018,0.6411149825783972,0.7059952038369305,1148.0
accuracy,0.6712361143937603,0.6712361143937603,0.6712361143937603,0.6712361143937603
macro avg,0.7051408263935505,0.6619116054822722,0.6729042502168903,4231.0
weighted avg,0.6925100907550926,0.6712361143937603,0.6708942595829063,4231.0
First Row,Second Row,Third Row
0,1315,542,370
1,236,789,42
2,137,64,736
First Row,Second Row,Third Row
0,0.7790284360189573,0.38853046594982077,0.32229965156794427
1,0.13981042654028436,0.5655913978494623,0.036585365853658534
2,0.0811611374407583,0.045878136200716846,0.6411149825783972
K-Nearest Neighbor,k= 17 weight=uniform,0.6676908532261877,0.6967619948002837,0.4537934294493028,0.6837655523778594,0.0024053234721758978,0.05399823188781738
Fit,Precision,Recall,f1-score,support
0,0.5882618510158013,0.7719194312796208,0.6676915193440943,1688.0
1,0.7330861909175163,0.5670250896057347,0.639450282942603,1395.0
2,0.7801494130202775,0.6367595818815331,0.7011990407673862,1148.0
accuracy,0.6676908532261877,0.6676908532261877,0.6676908532261877,0.6676908532261877
macro avg,0.7004991516511984,0.6585680342556296,0.6694469476846945,4231.0
weighted avg,0.6880767589203229,0.6676908532261877,0.6674717391062921,4231.0
First Row,Second Row,Third Row
0,1303,539,373
1,244,791,44
2,141,65,731
First Row,Second Row,Third Row
0,0.7719194312796208,0.3863799283154122,0.3249128919860627
1,0.14454976303317535,0.5670250896057347,0.03832752613240418
2,0.0835308056872038,0.04659498207885305,0.6367595818815331
K-Nearest Neighbor,k= 19 weight=uniform,0.6660363980146538,0.7090522335145356,0.45899314582840933,0.6851250301182732,0.00261575802406907,0.06200122833251953
Fit,Precision,Recall,f1-score,support
0,0.5853333333333334,0.7802132701421801,0.6688674454037583,1688.0
1,0.7431018078020932,0.5598566308243728,0.6385936222403924,1395.0
2,0.7741935483870968,0.627177700348432,0.6929740134744947,1148.0
accuracy,0.6660363980146538,0.6660363980146538,0.6660363980146538,0.6660363980146538
macro avg,0.7008762298408412,0.6557492004383283,0.6668116937062152,4231.0
weighted avg,0.6885946306071788,0.6660363980146538,0.6654267356028389,4231.0
First Row,Second Row,Third Row
0,1317,548,385
1,227,781,43
2,144,66,720
First Row,Second Row,Third Row
0,0.7802132701421801,0.392831541218638,0.3353658536585366
1,0.13447867298578198,0.5598566308243728,0.037456445993031356
2,0.08530805687203792,0.047311827956989246,0.627177700348432
K-Nearest Neighbor,k= 21 weight=uniform,0.6698180099267312,0.7017253604348853,0.45402978019380763,0.6861888075259017,0.0049697981161550215,0.057027578353881836
Fit,Precision,Recall,f1-score,support
0,0.5874219446922391,0.7802132701421801,0.6702290076335878,1688.0
1,0.7476280834914611,0.5648745519713262,0.643527970600245,1395.0
2,0.7796791443850267,0.6350174216027874,0.699951992318771,1148.0
accuracy,0.6698180099267312,0.6698180099267312,0.6698180099267312,0.6698180099267312
macro avg,0.7049097241895756,0.6600350812387646,0.6712363235175346,4231.0
weighted avg,0.6924086686043721,0.6698180099267312,0.6694901846028805,4231.0
First Row,Second Row,Third Row
0,1317,547,378
1,225,788,41
2,146,60,729
First Row,Second Row,Third Row
0,0.7802132701421801,0.3921146953405018,0.32926829268292684
1,0.13329383886255924,0.5648745519713262,0.03571428571428571
2,0.08649289099526067,0.043010752688172046,0.6350174216027874
K-Nearest Neighbor,k= 23 weight=uniform,0.6738359725833136,0.6877806665090995,0.4467029071141574,0.6870161608542765,0.0038113699203996343,0.06196713447570801
Fit,Precision,Recall,f1-score,support
0,0.5913354175971416,0.7843601895734598,0.674306086070792,1688.0
1,0.744641192917055,0.5727598566308244,0.6474878444084279,1395.0
2,0.7921653971708379,0.6341463414634146,0.7044025157232705,1148.0
accuracy,0.6738359725833136,0.6738359725833136,0.6738359725833136,0.6738359725833136
macro avg,0.7093806692283448,0.6637554625558996,0.6753988154008302,4231.0
weighted avg,0.6963730855531526,0.6738359725833136,0.6736299466526986,4231.0
First Row,Second Row,Third Row
0,1324,537,378
1,232,799,42
2,132,59,728
First Row,Second Row,Third Row
0,0.7843601895734598,0.3849462365591398,0.32926829268292684
1,0.13744075829383887,0.5727598566308244,0.036585365853658534
2,0.07819905213270142,0.04229390681003584,0.6341463414634146
K-Nearest Neighbor,k= 25 weight=uniform,0.6738359725833136,0.6913259276766722,0.44788466083668166,0.6871933610596045,0.0032519923044566613,0.05702543258666992
Fit,Precision,Recall,f1-score,support
0,0.5905441570026762,0.7843601895734598,0.6737913486005089,1688.0
1,0.74812734082397,0.5727598566308244,0.6488022736500203,1395.0
2,0.7904451682953312,0.6341463414634146,0.7037216046399227,1148.0
accuracy,0.6738359725833136,0.6738359725833136,0.6738359725833136,0.6738359725833136
macro avg,0.7097055553739925,0.6637554625558996,0.6754384089634841,4231.0
weighted avg,0.696740068700779,0.6738359725833136,0.6736732144424648,4231.0
First Row,Second Row,Third Row
0,1324,540,378
1,227,799,42
2,137,56,728
First Row,Second Row,Third Row
0,0.7843601895734598,0.3870967741935484,0.32926829268292684
1,0.13447867298578198,0.5727598566308244,0.036585365853658534
2,0.0811611374407583,0.04014336917562724,0.6341463414634146
K-Nearest Neighbor,k= 27 weight=uniform,0.6733632710943039,0.69463483809974,0.4493027653037107,0.6858931770325905,0.0027632906090165367,0.054964303970336914
Fit,Precision,Recall,f1-score,support
0,0.5894128113879004,0.784952606635071,0.6732723577235772,1688.0
1,0.7509433962264151,0.5706093189964158,0.6484725050916498,1395.0
2,0.7887323943661971,0.6341463414634146,0.7030420086914533,1148.0
accuracy,0.6733632710943039,0.6733632710943039,0.6733632710943039,0.6733632710943039
macro avg,0.7096962006601708,0.6632360890316339,0.6749289571688935,4231.0
weighted avg,0.6967524585419568,0.6733632710943039,0.6731730348423631,4231.0
First Row,Second Row,Third Row
0,1325,543,380
1,224,796,40
2,139,56,728
First Row,Second Row,Third Row
0,0.784952606635071,0.38924731182795697,0.3310104529616725
1,0.13270142180094788,0.5706093189964158,0.03484320557491289
2,0.08234597156398105,0.04014336917562724,0.6341463414634146
K-Nearest Neighbor,k= 29 weight=uniform,0.6724178681162846,0.6984164500118175,0.45119357125974946,0.6854792908499814,0.004480497196613366,0.06106162071228027
Fit,Precision,Recall,f1-score,support
0,0.5879218472468917,0.7843601895734598,0.6720812182741117,1688.0
1,0.7518939393939394,0.5691756272401434,0.6478988168094656,1395.0
2,0.7876489707475623,0.6332752613240418,0.7020762916465476,1148.0
accuracy,0.6724178681162846,0.6724178681162846,0.6724178681162846,0.6724178681162846
macro avg,0.7091549191294645,0.662270359379215,0.6740187755767083,4231.0
weighted avg,0.6961770602754668,0.6724178681162846,0.6722466387866088,4231.0
First Row,Second Row,Third Row
0,1324,547,381
1,222,794,40
2,142,54,727
First Row,Second Row,Third Row
0,0.7843601895734598,0.3921146953405018,0.3318815331010453
1,0.13151658767772512,0.5691756272401434,0.03484320557491289
2,0.08412322274881516,0.03870967741935484,0.6332752613240418
K-Nearest Neighbor,k= 31 weight=uniform,0.6752540770503427,0.6906168754431576,0.4467029071141574,0.6858340055382703,0.005632680477382937,0.054000139236450195
Fit,Precision,Recall,f1-score,support
0,0.5910500664599025,0.7902843601895735,0.676299112801014,1688.0
1,0.7569377990430622,0.5670250896057347,0.6483606557377048,1395.0
2,0.7879440258342304,0.6376306620209059,0.704862782859894,1148.0
accuracy,0.6752540770503427,0.6752540770503427,0.6752540770503427,0.6752540770503427
macro avg,0.7119772971123983,0.6649800372720714,0.676507517132871,4231.0
weighted avg,0.6991681596566022,0.6752540770503427,0.674837743295998,4231.0
First Row,Second Row,Third Row
0,1334,547,376
1,214,791,40
2,140,57,732
First Row,Second Row,Third Row
0,0.7902843601895735,0.3921146953405018,0.32752613240418116
1,0.12677725118483413,0.5670250896057347,0.03484320557491289
2,0.08293838862559241,0.04086021505376344,0.6376306620209059
K-Nearest Neighbor,k= 33 weight=uniform,0.6754904277948476,0.6882533679981092,0.445757504136138,0.6865431031773468,0.004198741821874788,0.055024147033691406
Fit,Precision,Recall,f1-score,support
0,0.5910698496905393,0.7920616113744076,0.6769620253164557,1688.0
1,0.7554918815663801,0.5670250896057347,0.6478296478296477,1395.0
2,0.7917570498915402,0.6358885017421603,0.7053140096618357,1148.0
accuracy,0.6754904277948476,0.6754904277948476,0.6754904277948476,0.6754904277948476
macro avg,0.7127729270494866,0.6649917342407675,0.6767018942693129,4231.0
weighted avg,0.6997339102666553,0.6754904277948476,0.6750495723347489,4231.0
First Row,Second Row,Third Row
0,1337,548,377
1,215,791,41
2,136,56,730
First Row,Second Row,Third Row
0,0.7920616113744076,0.392831541218638,0.32839721254355403
1,0.1273696682464455,0.5670250896057347,0.03571428571428571
2,0.08056872037914692,0.04014336917562724,0.6358885017421603
K-Nearest Neighbor,k= 35 weight=uniform,0.676199480028362,0.6917986291656819,0.44646655636965255,0.686838733670658,0.003139876574301334,0.05499863624572754
Fit,Precision,Recall,f1-score,support
0,0.5899692036955565,0.794431279620853,0.6771017419843474,1688.0
1,0.760038240917782,0.5698924731182796,0.651372388365424,1395.0
2,0.7949561403508771,0.6315331010452961,0.703883495145631,1148.0
accuracy,0.676199480028362,0.676199480028362,0.676199480028362,0.676199480028362
macro avg,0.7149878616547385,0.6652856179281429,0.6774525418318008,4231.0
weighted avg,0.7016617846942123,0.676199480028362,0.6758852457259582,4231.0
First Row,Second Row,Third Row
0,1341,545,387
1,215,795,36
2,132,55,725
First Row,Second Row,Third Row
0,0.794431279620853,0.3906810035842294,0.33710801393728224
1,0.1273696682464455,0.5698924731182796,0.0313588850174216
2,0.07819905213270142,0.03942652329749104,0.6315331010452961
K-Nearest Neighbor,k= 37 weight=uniform,0.6759631292838573,0.6920349799101867,0.4467029071141574,0.6871342244850212,0.0033963811877730323,0.05499863624572754
Fit,Precision,Recall,f1-score,support
0,0.5903880070546738,0.7932464454976303,0.6769464105156724,1688.0
1,0.7588179218303146,0.5706093189964158,0.6513911620294598,1395.0
2,0.7932166301969366,0.6315331010452961,0.7032007759456838,1148.0
accuracy,0.6759631292838573,0.6759631292838573,0.6759631292838573,0.6759631292838573
macro avg,0.7141408530273083,0.6651296218464474,0.6771794494969386,4231.0
weighted avg,0.700954537539036,0.6759631292838573,0.6756442218783258,4231.0
First Row,Second Row,Third Row
0,1339,544,385
1,215,796,38
2,134,55,725
First Row,Second Row,Third Row
0,0.7932464454976303,0.3899641577060932,0.3353658536585366
1,0.1273696682464455,0.5706093189964158,0.033101045296167246
2,0.07938388625592417,0.03942652329749104,0.6315331010452961
K-Nearest Neighbor,k= 39 weight=uniform,0.6724178681162846,0.7005436067123612,0.451902623493264,0.6884934752471444,0.003970636680347488,0.05501914024353027
Fit,Precision,Recall,f1-score,support
0,0.5867369345630216,0.7914691943127962,0.6738965952080707,1688.0
1,0.7559808612440191,0.5663082437275986,0.6475409836065573,1395.0
2,0.7909790979097909,0.6263066202090593,0.6990763247447739,1148.0
accuracy,0.6724178681162846,0.6724178681162846,0.6724178681162846,0.6724178681162846
macro avg,0.7112322979056106,0.661361352749818,0.6735046345198006,4231.0
weighted avg,0.6979553891227197,0.6724178681162846,0.6720389377568828,4231.0
First Row,Second Row,Third Row
0,1336,548,393
1,219,790,36
2,133,57,719
First Row,Second Row,Third Row
0,0.7914691943127962,0.392831541218638,0.3423344947735192
1,0.129739336492891,0.5663082437275986,0.0313588850174216
2,0.07879146919431279,0.04086021505376344,0.6263066202090593
K-Nearest Neighbor,k= 41 weight=uniform,0.6702907114157409,0.706925076813992,0.4554478846608367,0.688138917697672,0.00446991682647101,0.05499887466430664
Fit,Precision,Recall,f1-score,support
0,0.5852047556142669,0.7873222748815166,0.6713816620358677,1688.0
1,0.755278310940499,0.5641577060931899,0.6458760771440295,1395.0
2,0.7843137254901961,0.627177700348432,0.6969990319457888,1148.0
accuracy,0.6702907114157409,0.6702907114157409,0.6702907114157409,0.6702907114157409
macro avg,0.7082655973483206,0.6595525604410463,0.671418923708562,4231.0
weighted avg,0.6953039536992729,0.6702907114157409,0.6699230115353891,4231.0
First Row,Second Row,Third Row
0,1329,551,391
1,218,787,37
2,141,57,720
First Row,Second Row,Third Row
0,0.7873222748815166,0.3949820788530466,0.3405923344947735
1,0.12914691943127962,0.5641577060931899,0.032229965156794424
2,0.0835308056872038,0.04086021505376344,0.627177700348432
K-Nearest Neighbor,k= 43 weight=uniform,0.6721815173717797,0.7014890096903805,0.4523753249822737,0.6866613937863819,0.004729052845047793,0.0579988956451416
Fit,Precision,Recall,f1-score,support
0,0.5872246696035243,0.7896919431279621,0.6735725113693785,1688.0
1,0.7554918815663801,0.5670250896057347,0.6478296478296477,1395.0
2,0.787746170678337,0.627177700348432,0.6983511154219205,1148.0
accuracy,0.6721815173717797,0.6721815173717797,0.6721815173717797,0.6721815173717797
macro avg,0.7101542406160805,0.6612982443607096,0.6732510915403155,4231.0
weighted avg,0.6971115625182178,0.6721815173717797,0.6718080450054913,4231.0
First Row,Second Row,Third Row
0,1333,545,392
1,220,791,36
2,135,59,720
First Row,Second Row,Third Row
0,0.7896919431279621,0.3906810035842294,0.34146341463414637
1,0.13033175355450238,0.5670250896057347,0.0313588850174216
2,0.07997630331753554,0.04229390681003584,0.627177700348432
K-Nearest Neighbor,k= 45 weight=uniform,0.6740723233278185,0.6939257858662254,0.4485937130701962,0.6884342339133501,0.005256599603739611,0.05502820014953613
Fit,Precision,Recall,f1-score,support
0,0.5888839876488752,0.7908767772511849,0.6750948166877371,1688.0
1,0.7545195052331113,0.5684587813620071,0.6484055600981194,1395.0
2,0.7929901423877328,0.6306620209059234,0.7025715672003883,1148.0
accuracy,0.6740723233278185,0.6740723233278185,0.6740723233278185,0.6740723233278185
macro avg,0.7121312117565731,0.6633325265063718,0.6753573146620816,4231.0
weighted avg,0.6988758129077307,0.6740723233278185,0.6737504055901258,4231.0
First Row,Second Row,Third Row
0,1335,545,387
1,221,793,37
2,132,57,724
First Row,Second Row,Third Row
0,0.7908767772511849,0.3906810035842294,0.33710801393728224
1,0.13092417061611375,0.5684587813620071,0.032229965156794424
2,0.07819905213270142,0.04086021505376344,0.6306620209059234
K-Nearest Neighbor,k= 47 weight=uniform,0.6738359725833136,0.6899078232096431,0.447411959347672,0.6886115214180206,0.00569949722789975,0.05462312698364258
Fit,Precision,Recall,f1-score,support
0,0.5891198584697037,0.7890995260663507,0.6746011648518612,1688.0
1,0.75,0.567741935483871,0.646266829865361,1395.0
2,0.7954048140043763,0.6332752613240418,0.7051406401551891,1148.0
accuracy,0.6738359725833136,0.6738359725833136,0.6738359725833136,0.6738359725833136
macro avg,0.7115082241580266,0.6633722409580879,0.675336211624137,4231.0
weighted avg,0.6981349675192352,0.6738359725833136,0.6735453672489429,4231.0
First Row,Second Row,Third Row
0,1332,547,382
1,225,792,39
2,131,56,727
First Row,Second Row,Third Row
0,0.7890995260663507,0.3921146953405018,0.3327526132404181
1,0.13329383886255924,0.567741935483871,0.03397212543554007
2,0.07760663507109004,0.04014336917562724,0.6332752613240418
K-Nearest Neighbor,k= 49 weight=uniform,0.6735996218388088,0.691562278421177,0.4481210115811865,0.689793397376131,0.0053923964163953685,0.053998708724975586
Fit,Precision,Recall,f1-score,support
0,0.586918349429324,0.7920616113744076,0.6742309631870903,1688.0
1,0.7550626808100289,0.5612903225806452,0.6439144736842105,1395.0
2,0.7969432314410481,0.6358885017421603,0.7073643410852714,1148.0
accuracy,0.6735996218388088,0.6735996218388088,0.6735996218388088,0.6735996218388088
macro avg,0.7129747538934671,0.6630801452324043,0.675169925985524,4231.0
weighted avg,0.6993432860460913,0.6735996218388088,0.6732254361179799,4231.0
First Row,Second Row,Third Row
0,1337,559,382
1,218,783,36
2,133,53,730
First Row,Second Row,Third Row
0,0.7920616113744076,0.4007168458781362,0.3327526132404181
1,0.12914691943127962,0.5612903225806452,0.0313588850174216
2,0.07879146919431279,0.03799283154121864,0.6358885017421603
K-Nearest Neighbor,k= 51 weight=uniform,0.6735996218388088,0.6943984873552351,0.4490664145592059,0.6900298912948588,0.005485060402639148,0.05500054359436035
Fit,Precision,Recall,f1-score,support
0,0.5861013986013986,0.794431279620853,0.6745472837022132,1688.0
1,0.7569913211186113,0.5627240143369175,0.6455592105263157,1395.0
2,0.7991169977924945,0.6306620209059234,0.7049659201557935,1148.0
accuracy,0.6735996218388088,0.6735996218388088,0.6735996218388088,0.6735996218388088
macro avg,0.7140699058375014,0.6626057716212314,0.6750241381281074,4231.0
weighted avg,0.7002430553688035,0.6735996218388088,0.6732431552617342,4231.0
First Row,Second Row,Third Row
0,1341,559,388
1,216,785,36
2,131,51,724
First Row,Second Row,Third Row
0,0.794431279620853,0.4007168458781362,0.33797909407665505
1,0.12796208530805686,0.5627240143369175,0.0313588850174216
2,0.07760663507109004,0.03655913978494624,0.6306620209059234
K-Nearest Neighbor,k= 53 weight=uniform,0.6726542188607895,0.693216733632711,0.4493027653037107,0.6913889674582971,0.005219679205116953,0.054995059967041016
Fit,Precision,Recall,f1-score,support
0,0.5868995633187772,0.7962085308056872,0.6757164404223227,1688.0
1,0.7558365758754864,0.556989247311828,0.6413536937680561,1395.0
2,0.7940854326396495,0.6315331010452961,0.7035419699175157,1148.0
accuracy,0.6726542188607895,0.6726542188607895,0.6726542188607895,0.6726542188607895
macro avg,0.712273857277971,0.6615769597209371,0.6735373680359649,4231.0
weighted avg,0.6988155431100725,0.6726542188607895,0.6719366428042135,4231.0
First Row,Second Row,Third Row
0,1344,559,387
1,215,777,36
2,129,59,725
First Row,Second Row,Third Row
0,0.7962085308056872,0.4007168458781362,0.33710801393728224
1,0.1273696682464455,0.556989247311828,0.0313588850174216
2,0.0764218009478673,0.04229390681003584,0.6315331010452961
K-Nearest Neighbor,k= 55 weight=uniform,0.6702907114157409,0.697707397778303,0.4523753249822737,0.6929846248398057,0.00430360873406732,0.05501604080200195
Fit,Precision,Recall,f1-score,support
0,0.5845347313237221,0.792654028436019,0.6728689967312044,1688.0
1,0.7526777020447907,0.5541218637992832,0.63831544178365,1395.0
2,0.7923497267759563,0.6315331010452961,0.7028599127484246,1148.0
accuracy,0.6702907114157409,0.6702907114157409,0.6702907114157409,0.6702907114157409
macro avg,0.7098540533814898,0.6594363310935328,0.6713481170877597,4231.0
weighted avg,0.6963596093513883,0.6702907114157409,0.6696138235891411,4231.0
First Row,Second Row,Third Row
0,1338,564,387
1,218,773,36
2,132,58,725
First Row,Second Row,Third Row
0,0.792654028436019,0.4043010752688172,0.33710801393728224
1,0.12914691943127962,0.5541218637992832,0.0313588850174216
2,0.07819905213270142,0.04157706093189964,0.6315331010452961
K-Nearest Neighbor,k= 57 weight=uniform,0.6698180099267312,0.7010163082013708,0.4537934294493028,0.6925710703946978,0.004659661526261687,0.05803489685058594
Fit,Precision,Recall,f1-score,support
0,0.5840244434744652,0.792654028436019,0.6725307866298065,1688.0
1,0.7546432062561095,0.5534050179211469,0.6385442514474772,1395.0
2,0.7895310796074155,0.6306620209059234,0.7012106537530267,1148.0
accuracy,0.6698180099267312,0.6698180099267312,0.6698180099267312,0.6698180099267312
macro avg,0.7093995764459967,0.6589070224210297,0.6707618972767703,4231.0
weighted avg,0.6960392844957417,0.6698180099267312,0.6691068374164071,4231.0
First Row,Second Row,Third Row
0,1338,566,387
1,214,772,37
2,136,57,724
First Row,Second Row,Third Row
0,0.792654028436019,0.4057347670250896,0.33710801393728224
1,0.12677725118483413,0.5534050179211469,0.032229965156794424
2,0.08056872037914692,0.04086021505376344,0.6306620209059234
K-Nearest Neighbor,k= 59 weight=uniform,0.6705270621602458,0.7024344126683999,0.4537934294493028,0.6930438312538629,0.005198948254188477,0.07199907302856445
Fit,Precision,Recall,f1-score,support
0,0.5851949189662724,0.7914691943127962,0.6728783681692267,1688.0
1,0.7575757575757576,0.5555555555555556,0.6410256410256411,1395.0
2,0.7848648648648648,0.632404181184669,0.7004341534008683,1148.0
accuracy,0.6705270621602458,0.6705270621602458,0.6705270621602458,0.6705270621602458
macro avg,0.7092118471356317,0.6598096436843403,0.6714460541985788,4231.0
weighted avg,0.6962070597726576,0.6705270621602458,0.6698529574106881,4231.0
First Row,Second Row,Third Row
0,1336,562,385
1,211,775,37
2,141,58,726
First Row,Second Row,Third Row
0,0.7914691943127962,0.4028673835125448,0.3353658536585366
1,0.125,0.5555555555555556,0.032229965156794424
2,0.0835308056872038,0.04157706093189964,0.632404181184669
K-Nearest Neighbor,k= 61 weight=uniform,0.6726542188607895,0.6995982037343418,0.4514299220042543,0.6926894308432069,0.004892151539514597,0.0559995174407959
Fit,Precision,Recall,f1-score,support
0,0.5865678150894025,0.7968009478672986,0.675709620698317,1688.0
1,0.7635467980295566,0.5555555555555556,0.6431535269709543,1395.0
2,0.7865655471289275,0.632404181184669,0.7011105746016417,1148.0
accuracy,0.6726542188607895,0.6726542188607895,0.6726542188607895,0.6726542188607895
macro avg,0.7122267200826289,0.6615868948691744,0.6733245740903043,4231.0
weighted avg,0.6991849452200783,0.6726542188607895,0.6718676316487651,4231.0
First Row,Second Row,Third Row
0,1345,562,386
1,204,775,36
2,139,58,726
First Row,Second Row,Third Row
0,0.7968009478672986,0.4028673835125448,0.3362369337979094
1,0.12085308056872038,0.5555555555555556,0.0313588850174216
2,0.08234597156398105,0.04157706093189964,0.632404181184669
K-Nearest Neighbor,k= 63 weight=uniform,0.6726542188607895,0.6995982037343418,0.4514299220042543,0.6935167492518446,0.005636486967201992,0.0559999942779541
Fit,Precision,Recall,f1-score,support
0,0.5849630595393307,0.79739336492891,0.6748558535973928,1688.0
1,0.7645895153313551,0.5541218637992832,0.6425602660016625,1395.0
2,0.7910772578890098,0.6332752613240418,0.7034349298500243,1148.0
accuracy,0.6726542188607895,0.6726542188607895,0.6726542188607895,0.6726542188607895
macro avg,0.7135432775865652,0.6615968300174117,0.6736170164830265,4231.0
weighted avg,0.7001126708688759,0.6726542188607895,0.6719620778569004,4231.0
First Row,Second Row,Third Row
0,1346,568,387
1,204,773,34
2,138,54,727
First Row,Second Row,Third Row
0,0.79739336492891,0.407168458781362,0.33710801393728224
1,0.12085308056872038,0.5541218637992832,0.029616724738675958
2,0.08175355450236967,0.03870967741935484,0.6332752613240418
K-Nearest Neighbor,k= 65 weight=uniform,0.6733632710943039,0.6960529425667691,0.4497754667927204,0.6929257327033813,0.005672337377159664,0.05499911308288574
Fit,Precision,Recall,f1-score,support
0,0.5861317051897078,0.7962085308056872,0.6752072343632254,1688.0
1,0.762278978388998,0.5562724014336917,0.6431827600497306,1395.0
2,0.7923913043478261,0.6350174216027874,0.7050290135396519,1148.0
accuracy,0.6733632710943039,0.6733632710943039,0.6733632710943039,0.6733632710943039
macro avg,0.7136006626421775,0.6624994512807221,0.6744730026508693,4231.0
weighted avg,0.7001736493982943,0.6733632710943039,0.6727400305880452,4231.0
First Row,Second Row,Third Row
0,1344,566,383
1,206,776,36
2,138,53,729
First Row,Second Row,Third Row
0,0.7962085308056872,0.4057347670250896,0.3336236933797909
1,0.12203791469194313,0.5562724014336917,0.0313588850174216
2,0.08175355450236967,0.03799283154121864,0.6350174216027874
K-Nearest Neighbor,k= 67 weight=uniform,0.6754904277948476,0.6889624202316237,0.44599385488064286,0.6929848867378331,0.0056773764196325505,0.0559999942779541
Fit,Precision,Recall,f1-score,support
0,0.5888791593695272,0.7968009478672986,0.6772406847935549,1688.0
1,0.7607003891050583,0.560573476702509,0.6454808089145687,1395.0
2,0.795429815016322,0.6367595818815331,0.7073052733430092,1148.0
accuracy,0.6754904277948476,0.6754904277948476,0.6754904277948476,0.6754904277948476
macro avg,0.7150031211636358,0.6647113354837803,0.6766755890170444,4231.0
weighted avg,0.701573739412918,0.6754904277948476,0.674926603206126,4231.0
First Row,Second Row,Third Row
0,1345,558,381
1,210,782,36
2,133,55,731
First Row,Second Row,Third Row
0,0.7968009478672986,0.4,0.3318815331010453
1,0.12440758293838862,0.560573476702509,0.0313588850174216
2,0.07879146919431279,0.03942652329749104,0.6367595818815331
K-Nearest Neighbor,k= 69 weight=uniform,0.674781375561333,0.6889624202316237,0.44646655636965255,0.6917438567452711,0.004936460448687792,0.05400228500366211
Fit,Precision,Recall,f1-score,support
0,0.5869848156182212,0.8015402843601895,0.6776859504132231,1688.0
1,0.7628458498023716,0.5534050179211469,0.6414624013294558,1395.0
2,0.7986870897155361,0.6358885017421603,0.7080504364694472,1148.0
accuracy,0.674781375561333,0.674781375561333,0.674781375561333,0.674781375561333
macro avg,0.7161725850453763,0.6636112680078322,0.6757329294040421,4231.0
weighted avg,0.7024091487192865,0.674781375561333,0.6739815256958253,4231.0
First Row,Second Row,Third Row
0,1353,569,383
1,205,772,35
2,130,54,730
First Row,Second Row,Third Row
0,0.8015402843601895,0.4078853046594982,0.3336236933797909
1,0.12144549763033176,0.5534050179211469,0.03048780487804878
2,0.07701421800947868,0.03870967741935484,0.6358885017421603
K-Nearest Neighbor,k= 71 weight=uniform,0.6769085322618766,0.6818718978964784,0.44268494445757506,0.6913301102416096,0.004951418183177599,0.05598044395446777
Fit,Precision,Recall,f1-score,support
0,0.5893089960886571,0.8033175355450237,0.6798696415141638,1688.0
1,0.762278978388998,0.5562724014336917,0.6431827600497306,1395.0
2,0.8026315789473685,0.6376306620209059,0.7106796116504854,1148.0
accuracy,0.6769085322618766,0.6769085322618766,0.6769085322618766,0.6769085322618766
macro avg,0.7180731844750078,0.6657401996665405,0.67791067107146,4231.0
weighted avg,0.7042197619668835,0.6769085322618766,0.6761333252942662,4231.0
First Row,Second Row,Third Row
0,1356,565,380
1,206,776,36
2,126,54,732
First Row,Second Row,Third Row
0,0.8033175355450237,0.4050179211469534,0.3310104529616725
1,0.12203791469194313,0.5562724014336917,0.0313588850174216
2,0.07464454976303317,0.03870967741935484,0.6376306620209059
K-Nearest Neighbor,k= 73 weight=uniform,0.6785629874734106,0.6752540770503427,0.4393760340345072,0.691566377182047,0.006049861914687006,0.05502176284790039
Fit,Precision,Recall,f1-score,support
0,0.591304347826087,0.8056872037914692,0.6820461384152458,1688.0
1,0.7617647058823529,0.556989247311828,0.6434782608695652,1395.0
2,0.8057080131723381,0.6393728222996515,0.7129674599320058,1148.0
accuracy,0.6785629874734106,0.6785629874734106,0.6785629874734106,0.6785629874734106
macro avg,0.719592355626926,0.6673497578009829,0.6794972864056056,4231.0
weighted avg,0.7056809980993054,0.6785629874734106,0.6777198533585254,4231.0
First Row,Second Row,Third Row
0,1360,563,377
1,206,777,37
2,122,55,734
First Row,Second Row,Third Row
0,0.8056872037914692,0.403584229390681,0.32839721254355403
1,0.12203791469194313,0.556989247311828,0.032229965156794424
